"species","x","y","bio1","bio10","bio11","bio12","bio13","bio14","bio15","bio16","bio17","bio18","bio19","bio2","bio3","bio4","bio5","bio6","bio7","bio8","bio9"
"background",1,1,262,270,248,1427,244,11,69,672,52,333,87,122,70,906,347,175,172,266,251
"background",2,2,241,280,197,1198,147,28,39,423,126,401,134,125,58,3291,348,133,215,274,208
"background",3,3,180,270,82,631,90,27,39,215,89,181,90,152,42,7311,352,-7,359,224,93
"background",4,4,268,280,257,1559,351,1,98,865,6,244,79,113,73,881,350,197,153,265,266
"background",5,5,186,265,100,1201,144,58,26,400,203,400,315,136,44,6395,333,24,309,265,193
"background",6,6,144,266,17,720,102,19,44,277,70,253,70,141,33,9645,353,-64,417,242,17
"background",7,7,224,273,167,1219,195,44,55,557,148,514,165,127,52,4165,334,93,241,272,178
"background",8,8,37,119,-39,1166,170,47,45,488,154,154,439,91,31,6319,195,-90,285,-34,119
"background",9,9,222,260,179,1431,176,68,26,476,233,389,233,109,54,3262,317,116,201,244,179
"background",10,10,198,271,117,1589,173,87,16,468,335,462,416,117,41,6009,329,49,280,267,160
"background",11,11,175,272,71,454,77,15,53,171,49,148,49,145,40,7802,346,-15,361,263,71
"background",12,12,138,239,32,1215,147,62,21,377,226,289,226,123,34,8034,313,-39,352,135,32
"background",13,13,248,268,218,1606,262,52,51,707,190,707,229,108,63,2082,322,153,169,268,230
"background",14,14,158,182,127,669,141,7,84,372,32,223,39,161,68,2179,273,37,236,176,129
"background",15,15,195,199,192,1814,254,43,44,617,184,364,613,108,87,271,259,135,124,196,195
"background",16,16,167,264,64,438,72,13,55,178,41,162,41,160,42,7763,347,-28,375,254,64
"background",17,17,185,271,89,538,81,17,45,204,65,166,66,153,43,7081,350,-3,353,235,99
"background",18,18,265,274,258,2325,331,107,39,928,370,370,441,86,78,605,324,214,110,264,274
"background",19,19,152,264,32,987,125,36,33,330,131,271,131,131,33,8943,342,-46,388,200,32
"background",20,20,270,283,258,2109,484,4,99,1170,15,280,40,133,75,974,357,181,176,270,259
"background",21,21,276,284,266,1577,346,22,90,944,74,205,898,90,81,667,336,225,111,268,275
"background",22,22,249,277,211,820,122,14,58,349,57,314,75,132,64,2652,343,139,204,271,215
"background",23,23,248,258,237,2740,480,22,73,1376,109,251,1376,109,74,785,329,183,146,237,255
"background",24,24,209,262,156,1189,146,39,41,417,127,394,127,117,49,4080,330,94,236,235,156
"background",25,25,137,259,10,733,108,17,46,285,66,264,66,135,32,9623,345,-66,411,235,10
"background",26,26,193,268,110,1558,161,78,15,432,316,429,419,123,42,6181,330,38,292,264,199
"background",27,27,270,279,263,1531,329,37,77,839,132,147,751,92,80,606,333,219,114,263,277
"background",28,28,187,269,96,861,113,45,31,282,153,211,153,133,41,6729,343,19,324,224,96
"background",29,29,123,246,-10,879,135,21,49,348,74,323,74,127,30,9865,324,-87,411,223,-10
"background",30,30,223,256,184,1532,180,67,29,522,223,474,273,116,58,2845,316,116,200,243,186
"background",31,31,212,270,146,1250,174,54,41,507,181,507,230,127,49,4894,329,71,258,270,185
"background",32,32,131,145,107,766,150,9,76,413,36,344,42,153,71,1570,225,12,213,144,108
"background",33,33,126,246,-5,927,140,26,46,355,87,330,87,127,31,9706,325,-82,407,224,-5
"background",34,34,115,241,-25,898,120,23,49,343,78,336,78,128,30,10230,319,-101,420,220,-25
"background",35,35,268,276,262,2011,373,19,77,1065,66,351,1065,101,78,571,337,208,129,262,269
"background",36,36,182,208,152,1374,233,35,61,646,121,602,121,102,60,2196,260,92,168,207,152
"background",37,37,284,288,276,2484,361,64,47,871,205,825,278,106,82,492,346,217,129,285,278
"background",38,38,212,220,196,1573,271,6,76,762,28,441,47,109,71,1017,281,128,153,217,202
"background",39,39,177,179,174,2402,340,72,38,808,305,521,772,106,87,247,237,116,121,174,176
"background",40,40,247,268,216,1222,195,26,55,531,104,498,137,125,67,2160,333,148,185,268,218
"background",41,41,194,219,161,1311,222,26,63,627,102,627,102,115,63,2363,273,91,182,219,161
"background",42,42,208,268,139,1310,178,58,40,517,203,517,234,123,47,5084,328,68,260,268,150
"background",43,43,243,257,218,2037,308,54,53,882,194,636,194,109,65,1617,317,150,167,255,218
"background",44,44,177,262,83,649,86,26,37,221,91,202,92,147,43,6962,338,-3,341,227,93
"background",45,45,251,275,219,1042,158,19,54,433,88,409,113,131,66,2287,343,147,196,274,221
"background",46,46,166,171,162,2195,355,94,46,775,339,523,371,111,86,330,231,103,128,170,166
"background",47,47,249,264,221,2309,354,62,53,995,220,882,220,110,63,1775,324,151,173,263,221
"background",48,48,254,274,227,1054,182,29,52,416,117,299,195,100,65,1877,327,175,152,269,243
"background",49,49,233,251,208,1037,193,15,77,508,55,278,80,120,68,1722,319,144,175,244,232
"background",50,50,178,266,82,1285,142,76,15,353,266,278,353,138,41,7113,340,5,335,179,261
"background",51,51,253,268,231,1682,246,35,52,634,130,563,263,82,64,1527,312,185,127,263,247
"background",52,52,250,288,197,886,175,13,81,474,51,460,65,107,51,3669,344,136,208,283,210
"background",53,53,253,269,232,1793,262,42,45,664,169,492,369,73,62,1553,306,189,117,255,248
"background",54,54,265,274,252,1476,250,14,66,687,63,347,105,120,71,850,349,180,169,267,254
"background",55,55,273,281,263,3014,477,64,57,1328,238,249,1328,102,80,679,344,217,127,263,279
"background",56,56,204,270,125,359,79,8,70,166,27,133,30,134,46,5705,335,46,289,264,132
"background",57,57,190,273,95,532,79,17,45,197,62,168,63,146,42,6897,347,6,341,239,105
"background",58,58,234,267,185,1542,292,48,63,694,162,569,165,129,57,3283,338,114,224,261,196
"background",59,59,182,264,89,603,79,22,40,208,79,192,79,147,43,6799,342,2,340,231,100
"background",60,60,256,277,228,2349,451,33,68,1131,134,632,310,92,59,1977,336,182,154,268,247
"background",61,61,178,213,139,1363,203,48,45,555,182,555,202,105,54,2949,267,76,191,213,139
"background",62,62,257,268,239,1660,277,39,57,735,130,504,178,116,69,1242,335,168,167,264,239
"background",63,63,268,274,259,3178,470,90,47,1296,343,352,1260,108,85,577,338,211,127,260,272
"background",64,64,250,268,220,1283,217,39,54,575,141,531,182,112,65,1972,325,155,170,268,233
"background",65,65,234,243,224,2980,509,35,66,1406,159,329,1406,109,77,734,312,171,141,224,238
"background",66,66,192,267,109,1655,170,87,15,452,333,446,452,131,44,6204,334,37,297,109,196
"background",67,67,166,254,72,1199,127,75,16,360,236,314,331,135,41,7057,325,0,325,87,172
"background",68,68,133,249,7,911,128,24,43,340,91,314,91,131,32,9340,329,-71,400,226,7
"background",69,69,152,265,34,788,129,24,47,304,86,236,86,133,34,8925,345,-43,388,200,34
"background",70,70,276,289,266,1835,393,1,96,971,6,222,434,117,75,895,360,205,155,270,278
"background",71,71,248,256,236,1647,303,3,83,844,14,218,32,105,69,766,321,169,152,248,242
"background",72,72,124,252,-9,702,104,15,51,292,56,268,56,143,32,10067,342,-92,434,226,-9
"background",73,73,113,238,-11,410,69,8,64,196,27,185,27,173,38,9606,338,-109,447,212,-11
"background",74,74,106,229,-14,312,62,7,66,151,21,144,21,181,40,9405,335,-116,451,204,-14
"background",75,75,275,282,269,1509,269,11,73,731,37,121,731,102,75,525,346,210,136,269,279
"background",76,76,252,266,226,1842,303,44,57,836,160,529,160,114,65,1677,328,154,174,263,226
"background",77,77,177,280,66,758,114,30,39,266,109,190,109,141,37,8259,361,-19,380,221,66
"background",78,78,168,263,67,417,65,12,56,174,39,163,39,162,43,7647,346,-25,371,253,67
"background",79,79,179,208,143,816,219,4,111,552,20,388,33,173,64,2584,308,39,269,203,173
"background",80,80,113,242,-18,580,88,10,56,253,38,236,38,147,33,9999,333,-100,433,216,-18
"background",81,81,261,265,255,2810,259,183,10,770,596,734,605,99,85,402,319,203,116,261,257
"background",82,82,157,159,152,2503,313,109,32,794,379,540,724,89,90,275,207,109,98,153,158
"background",83,83,258,279,230,2351,444,37,72,1136,128,642,296,90,58,1979,337,183,154,268,252
"background",84,84,208,211,202,1313,221,23,57,587,81,310,114,102,80,426,269,142,127,209,204
"background",85,85,246,281,200,585,92,9,59,259,38,225,65,130,57,3235,351,126,225,272,203
"background",86,86,197,273,111,1443,156,90,15,413,315,407,372,112,39,6322,331,47,284,260,158
"background",87,87,182,280,79,787,114,39,32,273,130,190,130,139,38,7797,359,-2,361,225,90
"background",88,88,229,254,209,1284,286,2,109,821,16,318,35,145,65,1765,345,124,221,225,239
"background",89,89,165,196,124,750,166,16,74,349,58,287,58,149,63,2890,275,40,235,189,124
"background",90,90,115,236,-6,363,60,8,64,175,25,165,25,181,40,9391,340,-112,452,213,-6
"background",91,91,251,255,243,833,151,23,55,364,86,314,97,97,82,543,305,188,117,253,244
"background",92,92,99,167,34,1293,199,36,52,561,132,132,518,79,34,5214,226,-2,228,40,167
"background",93,93,111,236,-11,438,73,9,64,210,28,193,28,167,38,9532,336,-103,439,210,-11
"background",94,94,106,229,-32,951,104,39,27,306,149,288,149,117,29,10054,302,-97,399,209,-32
"background",95,95,191,268,106,1355,146,60,22,407,239,390,381,136,45,6304,335,33,302,121,197
"background",96,96,243,288,189,977,260,5,111,694,22,578,97,163,59,3943,370,96,274,283,236
"background",97,97,270,279,262,2277,349,75,45,929,263,263,493,87,79,634,330,220,110,267,279
"background",98,98,159,264,48,1034,143,41,33,356,151,251,151,129,34,8368,340,-30,370,204,48
"background",99,99,263,268,256,2341,224,151,12,659,494,601,524,96,85,458,322,210,112,263,258
"background",100,100,186,271,95,1456,159,88,19,426,271,303,425,125,40,6854,337,26,311,187,236
"background",101,101,255,275,227,2201,396,54,58,956,196,501,292,111,64,1878,342,171,171,263,252
"background",102,102,144,251,34,508,85,12,56,220,44,220,44,155,39,8416,338,-54,392,251,34
"background",103,103,127,251,-4,808,120,19,46,320,74,290,74,129,31,9858,334,-80,414,227,-4
"background",104,104,124,141,100,1149,242,10,94,677,48,318,48,148,69,1608,223,11,212,136,100
"background",105,105,210,269,143,1282,179,55,41,516,192,516,232,128,49,4961,329,68,261,269,182
"background",106,106,238,257,215,2114,399,38,69,1021,135,400,258,106,63,1681,322,156,166,248,237
"background",107,107,197,266,120,1358,189,58,36,526,204,526,286,137,47,5707,333,42,291,266,163
"background",108,108,111,235,-10,435,74,9,64,212,28,193,28,168,38,9484,336,-103,439,209,-10
"background",109,109,153,251,47,1407,148,79,19,423,257,288,386,133,37,7877,326,-25,351,153,210
"background",110,110,94,98,89,1204,156,24,43,425,120,360,120,90,75,368,149,29,120,97,89
"background",111,111,175,276,66,737,101,35,34,251,112,189,112,143,38,8098,355,-19,374,221,66
"background",112,112,270,282,258,2797,373,35,47,1045,231,247,994,97,74,862,341,210,131,262,277
"background",113,113,252,258,242,1940,256,40,53,753,139,669,170,114,76,657,321,171,150,256,242
"background",114,114,142,241,40,456,74,10,62,205,39,205,39,170,44,7797,328,-56,384,241,57
"background",115,115,201,273,117,1480,177,88,22,491,281,482,340,96,36,6099,322,59,263,270,162
"background",116,116,157,162,153,1418,219,28,52,546,131,335,328,106,81,358,225,95,130,158,158
"background",117,117,259,281,228,1100,192,30,63,501,96,292,101,133,66,2148,358,158,200,274,239
"background",118,118,273,285,262,1510,355,1,102,877,9,178,9,120,74,897,353,191,162,273,262
"background",119,119,96,154,41,990,134,35,41,397,125,125,358,90,40,4523,222,2,220,44,154
"background",120,120,230,274,178,1328,242,38,64,641,134,582,139,122,54,3777,331,107,224,273,189
"background",121,121,268,280,255,1824,271,15,59,724,67,273,724,94,73,944,342,214,128,255,275
"background",122,122,233,251,213,1636,326,5,98,956,20,470,41,144,69,1477,333,125,208,240,213
"background",123,123,222,281,149,689,149,19,55,272,97,164,125,81,35,5168,321,91,230,264,191
"background",124,124,237,260,206,2170,396,47,79,1123,158,571,161,118,62,2176,331,143,188,252,214
"background",125,125,197,274,111,1344,140,89,14,384,282,341,330,123,41,6372,341,41,300,259,158
"background",126,126,252,261,234,1769,258,28,57,738,110,452,137,107,66,1086,327,167,160,259,237
"background",127,127,267,272,258,1026,155,19,52,442,83,142,170,92,77,593,328,209,119,265,267
"background",128,128,253,285,211,878,124,20,49,339,74,339,102,123,60,2906,350,146,204,285,214
"background",129,129,246,260,225,2464,349,64,49,957,222,549,412,78,63,1509,303,180,123,258,241
"background",130,130,276,282,267,1119,155,14,56,431,58,392,69,98,80,595,334,212,122,281,268
"background",131,131,185,268,92,1382,153,90,14,393,290,325,388,134,41,6786,338,17,321,106,235
"background",132,132,140,226,67,360,66,1,82,191,7,14,182,123,41,6305,310,12,298,73,222
"background",133,133,251,259,240,1650,310,1,83,846,13,206,30,103,69,743,323,174,149,252,246
"background",134,134,245,255,237,3309,632,42,64,1480,182,584,1069,97,75,669,314,185,129,241,246
"background",135,135,191,212,171,1340,270,7,100,794,32,363,55,137,65,1571,299,91,208,191,182
"background",136,136,259,275,232,1270,209,40,54,514,134,434,161,117,69,1773,338,169,169,270,253
"background",137,137,187,276,90,739,110,35,35,255,125,177,125,140,40,7221,352,6,346,228,90
"background",138,138,233,239,227,3220,396,69,39,1108,349,364,1035,95,84,449,292,179,113,232,235
"background",139,139,148,227,64,357,67,8,77,194,26,179,31,156,47,6346,310,-20,330,216,110
"background",140,140,255,261,250,2464,437,19,63,1055,96,392,875,76,77,446,306,208,98,251,256
"background",141,141,204,226,173,1326,248,17,74,672,67,617,84,120,65,2153,282,98,184,226,174
"background",142,142,258,278,230,3478,535,114,45,1411,386,800,701,114,65,1979,348,174,174,268,269
"background",143,143,253,259,247,3207,443,77,43,1133,308,805,925,95,87,475,309,200,109,249,256
"background",144,144,191,274,97,1174,133,76,17,340,259,272,282,132,40,6856,348,23,325,228,150
"background",145,145,270,280,264,1613,346,34,74,865,133,150,768,91,79,634,334,219,115,265,278
"background",146,146,254,274,224,1068,177,28,61,474,98,399,128,121,67,2071,339,160,179,272,246
"background",147,147,227,263,179,1140,310,17,93,633,59,403,64,134,56,3446,341,103,238,253,194
"background",148,148,181,211,147,1275,203,41,51,547,139,521,139,104,57,2543,264,84,180,211,147
"background",149,149,226,232,219,1461,251,17,62,620,89,334,237,107,84,517,289,162,127,224,223
"background",150,150,247,254,233,3078,425,104,44,1200,355,942,372,107,75,884,312,170,142,252,233
"background",151,151,179,262,90,1509,159,83,19,443,281,338,440,133,42,6694,329,17,312,106,228
"background",152,152,199,271,121,1602,188,88,18,495,331,493,400,115,41,5890,328,54,274,267,162
"background",153,153,96,215,-19,401,75,8,70,209,24,183,24,162,38,9096,318,-106,424,188,-19
"background",154,154,276,284,267,1878,384,1,91,950,8,255,8,105,75,704,341,202,139,273,267
"background",155,155,216,294,126,560,79,23,44,203,78,153,81,136,42,6508,368,49,319,264,145
"background",156,156,110,241,-27,675,101,13,53,278,49,259,49,142,32,10316,330,-109,439,217,-27
"background",157,157,252,291,197,1279,267,18,86,691,59,691,59,122,53,3826,354,128,226,291,197
"background",158,158,115,239,-7,494,78,12,58,229,37,212,37,162,37,9533,336,-96,432,214,-7
"background",159,159,255,269,229,1937,326,46,57,865,157,597,157,113,64,1696,332,157,175,269,229
"background",160,160,161,256,60,1432,152,80,20,430,257,291,398,131,38,7629,329,-10,339,159,217
"background",161,161,196,207,180,1961,335,29,70,919,125,468,203,135,75,1048,287,107,180,201,196
"background",162,162,250,265,228,3458,789,88,72,1780,275,1484,368,71,62,1524,304,191,113,262,245
"background",163,163,127,147,104,697,127,10,76,350,32,232,42,156,70,1681,236,14,222,139,104
"background",164,164,196,268,117,1321,166,57,29,469,214,469,308,131,45,5932,331,43,288,268,158
"background",165,165,196,268,118,1389,180,62,29,492,235,492,327,133,46,5861,330,43,287,268,160
"background",166,166,119,241,-15,960,122,29,42,356,100,336,100,121,29,9873,316,-89,405,220,-15
"background",167,167,181,209,151,1432,229,35,57,647,132,616,132,96,58,2254,255,91,164,208,151
"background",168,168,257,277,230,2213,405,48,62,984,181,512,268,112,65,1834,345,174,171,265,255
"background",169,169,180,280,75,855,120,44,31,294,144,196,144,126,35,7948,352,-2,354,223,75
"background",170,170,201,208,193,2659,275,171,15,792,555,571,762,108,83,549,272,142,130,196,203
"background",171,171,208,217,190,1696,294,7,78,845,34,475,50,114,71,1091,278,119,159,213,194
"background",172,172,262,285,232,1462,255,25,67,684,92,347,145,117,63,2060,353,170,183,275,261
"background",173,173,89,191,-11,339,62,16,51,155,52,134,59,170,43,7826,294,-98,392,182,127
"background",174,174,193,257,115,343,71,6,71,166,28,143,30,138,46,5603,327,33,294,250,131
"background",175,175,208,292,111,390,70,10,53,169,41,121,46,142,42,7105,360,23,337,259,119
"background",176,176,199,268,123,1345,190,57,38,523,199,523,264,133,46,5679,335,46,289,268,166
"background",177,177,253,284,212,847,122,18,52,333,67,333,91,125,61,2839,349,146,203,284,215
"background",178,178,214,248,168,599,122,10,82,312,34,170,47,152,60,3280,336,84,252,238,185
"background",179,179,236,290,169,663,124,15,70,278,53,216,57,139,50,4787,363,86,277,285,186
"background",180,180,269,282,256,2730,391,20,60,1121,123,185,1090,94,73,963,344,216,128,258,277
"background",181,181,244,304,181,369,108,1,114,267,7,267,47,173,58,4957,380,85,295,304,261
"background",182,182,258,275,234,1292,203,35,51,530,137,423,198,99,67,1662,327,181,146,271,249
"background",183,183,188,191,183,963,182,21,62,462,76,219,76,124,88,316,260,120,140,189,183
"background",184,184,251,267,228,1362,218,33,59,578,105,531,167,99,66,1639,323,173,150,265,246
"background",185,185,160,257,57,1403,148,81,20,422,255,286,383,128,37,7746,327,-12,339,159,216
"background",186,186,190,268,106,1593,161,78,16,445,314,430,437,124,42,6321,330,36,294,119,196
"background",187,187,188,280,89,984,127,49,25,308,184,184,218,129,37,7404,356,15,341,226,280
"background",188,188,149,157,139,844,119,19,52,334,64,288,76,150,81,692,232,47,185,150,139
"background",189,189,127,247,-3,900,143,23,48,353,79,337,79,129,31,9662,327,-82,409,225,-3
"background",190,190,106,208,6,332,62,14,56,157,45,141,50,182,45,7804,315,-82,397,199,25
"background",191,191,158,263,46,1009,140,39,33,352,145,256,145,130,34,8416,341,-32,373,204,46
"background",192,192,246,266,215,1998,314,65,49,869,235,869,235,108,63,2073,320,151,169,266,215
"background",193,193,208,219,187,1375,236,12,70,646,50,378,66,128,71,1301,284,105,179,215,194
"background",194,194,174,269,74,395,69,12,56,162,41,138,42,155,42,7582,347,-16,363,259,92
"background",195,195,180,266,93,160,29,0,78,87,3,3,76,148,43,6799,364,24,340,112,266
"background",196,196,198,266,122,1359,192,57,38,534,200,534,283,136,47,5629,331,44,287,266,164
"background",197,197,236,296,160,635,131,19,64,284,63,217,68,132,45,5343,364,77,287,276,178
"background",198,198,221,251,183,1594,196,69,30,562,237,494,298,117,58,2688,314,114,200,239,187
"background",199,199,198,254,142,1041,150,33,43,373,109,351,109,125,49,4376,331,77,254,249,142
"background",200,200,138,163,114,345,71,0,90,190,2,20,181,105,63,1926,220,54,166,116,154
"background",201,201,234,244,226,3303,539,35,62,1432,148,638,946,116,81,663,310,168,142,231,235
"background",202,202,260,275,238,1362,237,36,55,563,126,502,191,90,68,1524,321,190,131,271,254
"background",203,203,256,261,250,2380,287,70,33,819,311,372,760,106,86,407,318,196,122,253,258
"background",204,204,207,212,199,1577,235,29,48,603,126,482,156,105,81,507,268,139,129,210,202
"background",205,205,235,292,163,621,120,19,51,254,87,174,102,124,45,5074,357,87,270,272,178
"background",206,206,239,249,222,2544,362,51,51,994,180,892,395,70,63,1183,295,185,110,243,232
"background",207,207,223,257,185,1469,176,54,31,498,201,458,258,116,58,2834,317,117,200,243,186
"background",208,208,172,280,58,680,99,24,43,238,90,185,90,147,37,8542,363,-29,392,219,72
"background",209,209,153,173,126,684,143,6,89,397,23,213,23,173,70,1899,268,21,247,169,126
"background",210,210,256,277,227,753,139,16,60,328,68,289,109,110,66,2058,334,169,165,276,248
"background",211,211,159,255,56,1417,154,80,20,427,256,284,402,129,38,7706,326,-13,339,159,215
"background",212,212,216,267,164,1302,161,41,41,449,137,431,137,111,49,4049,332,107,225,243,164
"background",213,213,221,282,151,849,180,19,68,393,65,297,65,139,48,5160,359,71,288,257,151
"background",214,214,273,287,254,839,204,2,114,511,7,253,9,108,70,1316,348,194,154,282,270
"background",215,215,250,286,203,681,106,12,58,287,45,280,71,129,57,3272,356,132,224,278,206
"background",216,216,158,255,55,1444,155,83,20,434,262,296,395,130,38,7723,326,-15,341,158,214
"background",217,217,185,271,94,1455,160,91,19,426,274,302,426,126,40,6896,337,24,313,94,236
"background",218,218,221,232,202,1524,238,30,56,685,124,612,124,110,70,1251,294,138,156,231,202
"background",219,219,275,284,264,2970,507,48,65,1419,191,206,1419,103,80,750,347,219,128,264,281
"background",220,220,113,237,-9,453,75,9,63,215,29,198,29,165,38,9494,335,-99,434,211,-9
"background",221,221,152,252,44,1391,154,78,19,426,300,308,300,139,37,8036,333,-36,369,152,44
"background",222,222,240,245,235,2679,340,55,46,963,199,370,729,100,85,379,302,185,117,237,243
"background",223,223,256,261,247,1351,192,32,49,528,113,501,217,79,80,578,304,206,98,259,253
"background",224,224,267,273,257,988,156,19,50,393,74,246,167,81,77,663,316,212,104,270,264
"background",225,225,236,286,174,635,118,13,59,250,65,209,94,130,50,4480,351,96,255,282,213
"background",226,226,111,222,3,389,68,9,60,178,30,171,30,169,41,8523,321,-90,411,199,3
"background",227,227,246,268,225,1108,183,44,47,476,158,292,159,82,61,1671,315,181,134,260,226
"background",228,228,209,224,187,1274,270,4,101,797,14,516,39,125,65,1412,300,109,191,216,202
"background",229,229,243,248,235,3605,634,22,76,1661,109,609,251,111,81,556,308,171,137,242,235
"background",230,230,217,237,187,1363,243,20,74,700,73,620,93,122,66,2024,293,110,183,237,188
"background",231,231,268,278,262,1650,339,36,71,871,145,151,871,93,79,649,334,217,117,262,276
"background",232,232,256,259,250,1006,193,8,78,530,34,231,34,93,84,416,308,198,110,255,250
"background",233,233,243,268,208,732,122,12,63,333,53,326,67,126,64,2473,333,138,195,267,223
"background",234,234,117,243,-11,544,84,10,57,242,37,232,37,152,35,9803,335,-97,432,217,-11
"background",235,235,171,182,157,1296,276,4,93,670,14,437,17,105,70,1009,243,95,148,178,162
"background",236,236,234,287,169,663,120,14,59,255,72,227,90,137,50,4648,359,87,272,283,182
"background",237,237,218,250,174,1615,359,38,75,798,121,570,126,142,60,3087,330,94,236,242,187
"background",238,238,178,270,77,722,99,34,33,251,116,186,116,137,39,7447,346,-4,350,219,77
"background",239,239,144,148,138,1190,197,27,52,465,112,390,112,95,80,409,199,81,118,145,138
"background",240,240,150,263,29,983,123,36,34,329,128,275,128,134,34,9013,342,-50,392,199,29
"background",241,241,263,281,240,1000,257,4,106,589,16,291,21,101,63,1628,344,184,160,273,248
"background",242,242,161,237,79,394,69,8,72,202,30,186,35,165,49,6167,319,-12,331,227,93
"background",243,243,267,288,238,2235,400,63,54,967,209,469,340,109,61,1997,356,180,176,275,265
"background",244,244,275,283,265,2941,472,60,58,1310,239,249,1310,101,80,702,346,221,125,265,280
"background",245,245,258,275,233,1274,197,38,51,517,136,426,189,104,69,1672,328,179,149,270,250
"background",246,246,238,278,194,1078,140,26,40,368,120,345,120,130,58,3354,351,127,224,276,194
"background",247,247,158,186,121,652,131,17,67,289,60,233,60,156,67,2545,267,35,232,179,121
"background",248,248,265,277,254,1076,248,3,93,598,15,126,74,104,73,864,341,199,142,263,262
"background",249,249,193,267,112,1413,171,65,24,455,253,455,356,133,45,6079,331,37,294,267,155
"background",250,250,194,267,113,1374,166,62,24,447,245,447,345,135,45,6022,332,38,294,267,155
"background",251,251,253,283,212,852,123,17,52,337,66,327,89,126,62,2812,349,146,203,283,215
"background",252,252,218,227,206,1210,277,5,94,633,22,396,76,108,74,826,291,146,145,219,211
"background",253,253,177,268,77,1391,153,75,22,416,237,282,411,124,38,7403,335,9,326,178,230
"background",254,254,180,268,87,578,83,22,42,205,76,170,77,148,42,7077,346,0,346,230,95
"background",255,255,245,266,211,1356,236,45,53,613,156,613,186,105,61,2290,321,149,172,266,212
"background",256,256,259,268,252,3310,620,15,74,1648,80,183,1648,99,72,650,334,198,136,252,263
"background",257,257,254,258,248,3050,476,63,54,1329,254,490,1254,113,84,430,325,192,133,249,255
"background",258,258,184,273,86,708,96,34,31,238,114,181,114,136,39,7220,348,5,343,223,86
"background",259,259,215,292,126,572,81,23,44,208,78,158,83,137,42,6468,367,48,319,263,144
"background",260,260,257,274,232,1283,199,38,51,522,139,440,184,103,68,1696,328,178,150,270,248
"background",261,261,223,273,166,1286,210,46,57,600,157,600,185,126,52,4245,332,93,239,273,176
"background",262,262,143,165,116,598,104,8,74,306,28,200,28,174,69,1928,260,10,250,159,116
"background",263,263,228,240,208,1504,229,33,54,663,132,600,140,102,70,1307,296,151,145,239,209
"background",264,264,181,272,85,1222,131,68,15,341,241,268,329,125,38,7287,339,16,323,222,236
"background",265,265,246,269,213,944,143,16,53,399,80,376,112,131,67,2284,336,141,195,268,229
"background",266,266,154,251,49,1410,147,82,19,422,265,292,381,127,37,7815,321,-20,341,155,210
"background",267,267,248,275,213,556,88,4,64,254,31,248,50,131,62,2594,344,136,208,274,213
"background",268,268,174,270,72,432,76,15,52,168,48,140,48,152,41,7705,347,-18,365,261,72
"background",269,269,124,245,2,492,80,10,61,232,34,214,34,159,37,9428,339,-89,428,221,2
"background",270,270,205,207,199,3091,455,96,44,1243,358,728,1157,110,86,333,271,144,127,200,204
"background",271,271,261,272,252,1897,411,4,91,990,19,374,806,123,76,825,348,187,161,255,257
"background",272,272,159,264,44,1258,131,75,20,389,248,253,325,114,32,8475,331,-22,353,160,218
"background",273,273,251,268,223,1124,192,33,58,512,113,472,160,117,67,1878,328,155,173,267,236
"background",274,274,91,152,34,1262,174,42,43,513,150,150,463,93,40,4711,222,-6,228,38,152
"background",275,275,194,271,107,1460,145,93,15,422,290,402,369,115,39,6415,331,40,291,258,155
"background",276,276,192,282,92,873,116,47,27,282,179,183,180,126,37,7331,356,17,339,232,110
"background",277,277,179,273,76,703,97,32,36,248,109,191,109,142,39,7613,350,-7,357,222,88
"background",278,278,239,259,208,1069,171,19,55,472,92,346,133,128,67,2113,327,136,191,258,224
"background",279,279,273,281,268,1981,360,19,73,1013,68,339,1013,100,80,570,340,215,125,268,274
"background",280,280,253,297,203,441,125,0,112,309,5,223,46,144,59,3793,356,114,242,296,239
"background",281,281,235,241,223,1042,131,38,38,374,127,241,157,100,79,761,293,167,126,239,224
"background",282,282,195,272,108,1533,152,104,11,419,346,398,408,117,40,6375,332,42,290,258,156
"background",283,283,121,240,-9,1000,130,34,40,359,109,335,109,122,30,9627,316,-82,398,219,-9
"background",284,284,180,207,145,499,97,5,81,268,26,167,33,171,66,2477,305,49,256,201,146
"background",285,285,189,202,172,1389,245,22,73,645,89,379,116,137,74,1166,282,98,184,197,191
"background",286,286,110,240,-23,603,99,10,58,263,37,240,37,152,34,10153,334,-110,444,215,-23
"background",287,287,156,254,53,459,66,12,57,190,41,186,41,164,43,7804,338,-40,378,238,53
"background",288,288,85,149,25,1383,192,45,44,565,160,160,515,90,38,4922,217,-14,231,29,149
"background",289,289,180,270,85,1224,123,67,15,351,237,258,319,127,38,7202,340,13,327,220,264
"background",290,290,274,280,264,1210,175,20,56,464,64,417,82,96,80,626,331,211,120,275,265
"background",291,291,274,281,264,1491,335,17,90,888,58,207,862,93,83,625,332,221,111,266,275
"background",292,292,210,212,206,3122,482,71,51,1311,286,444,1274,111,85,300,277,147,130,207,210
"background",293,293,129,135,121,1080,134,19,44,394,91,214,355,92,77,554,190,72,118,129,130
"background",294,294,189,270,103,1580,157,81,16,454,306,396,451,130,42,6511,335,30,305,117,194
"background",295,295,255,262,247,3809,669,21,77,1809,91,670,91,115,79,590,325,181,144,256,247
"background",296,296,197,216,172,1357,319,5,105,888,25,546,65,142,66,1731,301,87,214,208,186
"background",297,297,216,227,207,1989,400,3,93,1055,20,256,62,111,76,759,293,147,146,216,216
"background",298,298,204,287,108,407,77,10,55,173,40,122,46,140,41,6987,356,22,334,254,117
"background",299,299,236,286,176,847,220,6,101,553,31,497,117,177,58,4423,385,80,305,279,234
"background",300,300,254,257,248,2793,400,96,44,1130,336,529,1056,109,87,385,319,195,124,248,255
"background",301,301,160,265,48,1019,143,41,33,354,149,247,149,130,34,8403,341,-31,372,204,48
"background",302,302,180,241,120,1024,148,39,36,365,138,312,138,121,46,4709,322,62,260,236,120
"background",303,303,200,283,108,847,114,37,33,281,162,183,168,124,38,6843,355,36,319,238,123
"background",304,304,153,265,32,908,131,31,37,314,114,253,114,133,33,8942,345,-49,394,202,32
"background",305,305,193,271,104,1404,146,95,15,403,294,358,356,129,41,6458,340,32,308,256,154
"background",306,306,198,207,182,4116,639,180,45,1714,560,1212,569,119,77,1020,270,116,154,204,183
"background",307,307,257,259,253,2920,401,106,34,971,446,446,971,93,90,251,310,207,103,253,259
