"species","x","y","bio1","bio11"
"species",1,1,236,193
"species",2,2,197,166
"species",3,3,180,86
"species",4,4,250,209
"species",5,5,121,-8
"species",6,6,240,236
"species",7,7,198,112
"species",8,8,267,258
"species",9,9,181,85
"species",10,10,157,50
"species",11,11,187,90
"species",12,12,154,51
"species",13,13,220,214
"species",14,14,180,85
"species",15,15,211,127
"species",16,16,188,99
"species",17,17,201,112
"species",18,18,202,113
"species",19,19,117,-9
"species",20,20,200,109
"species",21,21,252,219
"species",22,22,180,79
"species",23,23,191,103
"species",24,24,166,52
"species",25,25,252,246
"species",26,26,180,85
"species",27,27,178,75
"species",28,28,232,210
"species",29,29,259,229
"species",30,30,254,249
"species",31,31,236,203
"species",32,32,190,99
"species",33,33,193,104
"species",34,34,169,136
"species",35,35,274,264
"species",36,36,200,115
"species",37,37,204,114
"species",38,38,207,125
"species",39,39,163,51
"species",40,40,247,222
"species",41,41,261,238
"species",42,42,270,261
"species",43,43,211,145
"species",44,44,225,151
"species",45,45,253,243
"species",46,46,128,-1
"species",47,47,196,105
"species",48,48,180,83
"species",49,49,252,248
"species",50,50,259,253
"species",51,51,181,90
"species",52,52,224,211
"species",53,53,255,247
"species",54,54,178,76
"species",55,55,228,186
"species",56,56,160,47
"species",57,57,177,79
"species",58,58,193,106
"species",59,59,196,113
"species",60,60,236,176
"species",61,61,132,1
"species",62,62,155,38
"species",63,63,266,252
"species",64,64,194,111
"species",65,65,125,-7
"species",66,66,275,253
"species",67,67,271,264
"species",68,68,185,85
"species",69,69,172,164
"species",70,70,179,157
"species",71,71,169,133
"species",72,72,271,259
"species",73,73,267,254
"species",74,74,259,229
"species",75,75,201,111
"species",76,76,196,112
"species",77,77,195,175
"species",78,78,172,168
"species",79,79,258,229
"species",80,80,195,175
"species",81,81,163,145
"species",82,82,122,-7
"species",83,83,194,107
"species",84,84,185,90
"species",85,85,248,216
"species",86,86,213,131
"species",87,87,247,222
"species",88,88,206,176
"species",89,89,223,165
"species",90,90,190,97
"species",91,91,175,74
"species",92,92,194,108
"species",93,93,239,232
"species",94,94,211,145
"species",95,95,196,104
"species",96,96,180,85
"species",97,97,196,113
"species",98,98,196,110
"species",99,99,235,190
"species",100,100,153,34
"species",101,101,134,7
"species",102,102,248,211
"species",103,103,261,238
"species",104,104,118,-6
"species",105,105,180,85
"species",106,106,177,84
"species",107,107,232,205
"species",108,108,261,245
"species",109,109,196,112
"species",110,110,246,206
"species",111,111,190,88
"species",112,112,199,180
"species",113,113,160,146
"species",114,114,178,76
"species",115,115,127,0
"species",116,116,143,138
"species",117,117,199,106
"species",118,118,225,189
"species",119,119,280,269
"species",120,120,180,85
"species",121,121,247,215
"species",122,122,174,82
"species",123,123,176,82
"species",124,124,188,167
"species",125,125,201,116
"species",126,126,182,87
"species",127,127,179,74
"species",128,128,181,83
"species",129,129,262,254
"species",130,130,184,84
"species",131,131,174,67
"species",132,132,190,93
"species",133,133,179,84
"species",134,134,288,279
"species",135,135,252,208
"species",136,136,189,153
"species",137,137,280,273
"species",138,138,218,181
"species",139,139,184,89
"species",140,140,133,108
"species",141,141,269,256
"species",142,142,187,90
"species",143,143,189,98
"species",144,144,259,229
"species",145,145,203,176
"species",146,146,181,85
"species",147,147,175,82
"species",148,148,200,109
"species",149,149,176,73
"species",150,150,265,236
"species",151,151,254,225
"species",152,152,179,137
"species",153,153,207,125
"species",154,154,192,159
"species",155,155,160,46
"species",156,156,181,84
"species",157,157,146,38
"species",158,158,169,64
"species",159,159,272,263
"species",160,160,258,230
"species",161,161,207,114
"species",162,162,269,251
"species",163,163,236,224
"species",164,164,153,138
"species",165,165,273,262
"species",166,166,253,222
"species",167,167,214,151
"species",168,168,135,7
"species",169,169,235,154
"species",170,170,196,113
"species",171,171,169,132
"species",172,172,238,181
"species",173,173,174,61
"species",174,174,188,97
"species",175,175,241,227
"species",176,176,251,230
"species",177,177,182,78
"species",178,178,199,107
"species",179,179,184,125
"species",180,180,184,89
"species",181,181,120,-13
"species",182,182,235,227
"species",183,183,197,116
"species",184,184,221,205
"species",185,185,236,208
"species",186,186,270,264
"species",187,187,186,157
"species",188,188,217,182
"species",189,189,223,134
"species",190,190,174,63
"species",191,191,193,171
"species",192,192,182,89
"species",193,193,183,167
"species",194,194,174,68
"species",195,195,216,181
"species",196,196,199,107
"species",197,197,128,-6
"species",198,198,199,107
"species",199,199,183,88
"species",200,200,174,70
"species",201,201,251,239
"species",202,202,194,110
"species",203,203,265,255
"species",204,204,222,216
"species",205,205,194,109
"species",206,206,228,186
"species",207,207,174,73
"species",208,208,177,79
"species",209,209,257,225
"species",210,210,252,230
"species",211,211,188,100
"species",212,212,217,182
"species",213,213,183,90
"species",214,214,171,67
"species",215,215,248,195
"species",216,216,186,89
"species",217,217,215,122
"species",218,218,185,84
"species",219,219,247,221
"species",220,220,177,84
"species",221,221,224,198
"species",222,222,241,214
"species",223,223,180,82
"species",224,224,179,74
"species",225,225,180,83
"species",226,226,143,138
"species",227,227,180,79
"species",228,228,154,37
"species",229,229,252,215
"species",230,230,103,-37
"species",231,231,184,87
"species",232,232,264,256
"species",233,233,181,83
"species",234,234,121,-8
"species",235,235,127,-3
"species",236,236,198,181
"species",237,237,194,107
"species",238,238,188,88
"species",239,239,189,105
"species",240,240,247,222
"species",241,241,193,112
"species",242,242,203,164
"species",243,243,247,222
"species",244,244,178,79
"species",245,245,240,229
"species",246,246,266,259
"species",247,247,171,60
"species",248,248,268,255
"species",249,249,244,223
"species",250,250,137,9
"species",251,251,175,71
"species",252,252,143,30
"species",253,253,173,71
"species",254,254,170,139
"species",255,255,261,238
"species",256,256,249,220
"species",257,257,181,86
"species",258,258,205,134
"species",259,259,243,232
"species",260,260,189,185
"species",261,261,243,221
"species",262,262,244,223
"species",263,263,257,236
"species",264,264,222,181
"species",265,265,156,127
"species",266,266,223,164
"species",267,267,229,209
"species",268,268,224,183
"species",269,269,182,86
"species",270,270,265,261
"species",271,271,247,222
"species",272,272,227,204
"species",273,273,185,94
"species",274,274,261,255
"species",275,275,248,219
"species",276,276,226,183
"species",277,277,232,179
"species",278,278,219,204
"species",279,279,256,231
"species",280,280,134,7
"species",281,281,250,207
"species",282,282,267,259
"species",283,283,232,213
"species",284,284,179,137
"species",285,285,178,76
"species",286,286,224,211
"species",287,287,267,260
"species",288,288,222,181
"species",289,289,190,93
"species",290,290,221,203
"species",291,291,281,277
"species",292,292,214,193
"species",293,293,178,70
"species",294,294,200,108
"species",295,295,273,262
"species",296,296,196,110
"species",297,297,190,100
"species",298,298,166,149
"species",299,299,257,235
"species",300,300,187,95
"species",301,301,190,105
"species",302,302,182,83
"species",303,303,180,84
