"species","x","y","bio1","bio4","bio11"
"background",1,1,262,906,248
"background",2,2,257,2155,226
"background",3,3,249,314,245
"background",4,4,241,3291,197
"background",5,5,104,281,99
"background",6,6,210,1787,184
"background",7,7,180,7311,82
"background",8,8,182,273,178
"background",9,9,66,8266,-41
"background",10,10,222,657,215
"background",11,11,73,11307,-81
"background",12,12,157,7349,61
"background",13,13,11,7207,-78
"background",14,14,270,561,262
"background",15,15,195,1918,167
"background",16,16,259,1748,234
"background",17,17,268,881,257
"background",18,18,169,7918,62
"background",19,19,262,642,255
"background",20,20,186,6395,100
"background",21,21,168,7227,72
"background",22,22,173,7055,79
"background",23,23,190,6476,102
"background",24,24,76,8033,-24
"background",25,25,218,2531,181
"background",26,26,158,7040,73
"background",27,27,223,4038,169
"background",28,28,198,2914,162
"background",29,29,234,1199,216
"background",30,30,164,3783,113
"background",31,31,115,9960,-22
"background",32,32,144,9645,17
"background",33,33,144,8553,28
"background",34,34,210,1752,185
"background",35,35,156,7431,58
"background",36,36,233,1677,207
"background",37,37,38,6980,-49
"background",38,38,224,4165,167
"background",39,39,266,687,259
"background",40,40,249,361,245
"background",41,41,262,1758,235
"background",42,42,37,6319,-39
"background",43,43,222,3262,179
"background",44,44,107,9954,-29
"background",45,45,198,6009,117
"background",46,46,205,4286,150
"background",47,47,240,901,226
"background",48,48,122,7068,34
"background",49,49,262,557,253
"background",50,50,78,6608,-4
"background",51,51,175,7802,71
"background",52,52,181,4506,122
"background",53,53,53,8273,-49
"background",54,54,138,8034,32
"background",55,55,248,2082,218
"background",56,56,158,2179,127
"background",57,57,160,4905,98
"background",58,58,195,271,192
"background",59,59,218,2605,181
"background",60,60,269,452,263
"background",61,61,192,2548,157
"background",62,62,167,7763,64
"background",63,63,185,7081,89
"background",64,64,265,605,258
"background",65,65,254,544,245
"background",66,66,152,8943,32
"background",67,67,270,974,258
"background",68,68,276,667,266
"background",69,69,250,801,238
"background",70,70,262,491,255
"background",71,71,262,803,249
"background",72,72,249,2652,211
"background",73,73,131,8267,24
"background",74,74,128,218,124
"background",75,75,248,785,237
"background",76,76,209,4080,156
"background",77,77,120,7632,23
"background",78,78,98,8219,-4
"background",79,79,137,9623,10
"background",80,80,142,8719,24
"background",81,81,193,6181,110
"background",82,82,261,476,254
"background",83,83,98,9511,-22
"background",84,84,261,384,256
"background",85,85,270,606,263
"background",86,86,187,6729,96
"background",87,87,123,9865,-10
"background",88,88,223,2845,184
"background",89,89,212,4894,146
"background",90,90,253,1016,240
"background",91,91,131,1570,107
"background",92,92,126,9706,-5
"background",93,93,115,10230,-25
"background",94,94,264,612,256
"background",95,95,256,387,250
"background",96,96,268,571,262
"background",97,97,142,8137,32
"background",98,98,147,450,140
"background",99,99,84,9890,-43
"background",100,100,235,3242,189
"background",101,101,266,228,263
"background",102,102,250,1414,228
"background",103,103,182,2196,152
"background",104,104,112,9775,-22
"background",105,105,226,3904,174
"background",106,106,284,492,276
"background",107,107,212,1017,196
"background",108,108,253,515,248
"background",109,109,139,8154,29
"background",110,110,263,503,256
"background",111,111,266,789,254
"background",112,112,154,6591,74
"background",113,113,218,2502,181
"background",114,114,82,9504,-38
"background",115,115,110,9612,-14
"background",116,116,100,10628,-46
"background",117,117,269,959,256
"background",118,118,163,6982,72
"background",119,119,177,247,174
"background",120,120,85,9916,-43
"background",121,121,132,8444,18
"background",122,122,247,2160,216
"background",123,123,194,2363,161
"background",124,124,131,7707,27
"background",125,125,129,9227,3
"background",126,126,208,5084,139
"background",127,127,243,1617,218
"background",128,128,93,4132,43
"background",129,129,232,1641,207
"background",130,130,265,477,258
"background",131,131,177,6962,83
"background",132,132,172,4672,113
"background",133,133,251,2287,219
"background",134,134,169,4798,106
"background",135,135,166,330,162
"background",136,136,249,1775,221
"background",137,137,217,3876,168
"background",138,138,253,582,244
"background",139,139,213,3516,167
"background",140,140,261,465,254
"background",141,141,248,1042,231
"background",142,142,254,1877,227
"background",143,143,91,10861,-59
"background",144,144,233,1722,208
"background",145,145,226,2196,194
"background",146,146,178,7113,82
"background",147,147,260,415,254
"background",148,148,270,521,265
"background",149,149,253,1527,231
"background",150,150,250,3669,197
"background",151,151,255,395,248
"background",152,152,92,3965,45
"background",153,153,253,1553,232
"background",154,154,211,5329,138
"background",155,155,265,850,252
"background",156,156,257,497,250
"background",157,157,135,8008,36
"background",158,158,206,6843,112
"background",159,159,262,755,251
"background",160,160,205,2996,165
"background",161,161,257,2277,224
"background",162,162,93,8001,-7
"background",163,163,230,3711,182
"background",164,164,273,679,263
"background",165,165,253,446,248
"background",166,166,204,5705,125
"background",167,167,83,1554,59
"background",168,168,190,6897,95
"background",169,169,234,3283,185
"background",170,170,266,567,259
"background",171,171,200,3400,155
"background",172,172,260,443,252
"background",173,173,164,4860,102
"background",174,174,182,6799,89
"background",175,175,235,3430,189
"background",176,176,158,4958,95
"background",177,177,230,4024,175
"background",178,178,228,1590,204
"background",179,179,264,778,253
"background",180,180,256,1977,228
"background",181,181,260,541,255
"background",182,182,260,2069,229
"background",183,183,217,4395,160
"background",184,184,169,7796,65
"background",185,185,178,2949,139
"background",186,186,250,471,244
"background",187,187,194,6258,111
"background",188,188,257,1242,239
"background",189,189,268,577,259
"background",190,190,250,1972,220
"background",191,191,62,8086,-44
"background",192,192,234,734,224
"background",193,193,57,1264,37
"background",194,194,234,1823,206
"background",195,195,245,434,239
"background",196,196,268,523,260
"background",197,197,92,8547,-17
"background",198,198,192,6204,109
"background",199,199,141,8370,28
"background",200,200,166,7057,72
"background",201,201,133,9340,7
"background",202,202,128,8805,9
"background",203,203,119,9357,-9
"background",204,204,152,8925,34
"background",205,205,259,697,248
"background",206,206,276,895,266
"background",207,207,248,766,236
"background",208,208,124,10067,-9
"background",209,209,251,677,241
"background",210,210,78,2075,46
"background",211,211,113,9606,-11
"background",212,212,274,662,266
"background",213,213,72,9146,-42
"background",214,214,61,8196,-45
"background",215,215,182,6554,95
"background",216,216,34,7982,-72
"background",217,217,227,3859,176
"background",218,218,245,2519,208
"background",219,219,106,9405,-14
"background",220,220,223,4066,169
"background",221,221,275,525,269
"background",222,222,275,938,264
"background",223,223,252,1677,226
"background",224,224,177,8259,66
"background",225,225,105,10483,-36
"background",226,226,168,7647,67
"background",227,227,77,2315,41
"background",228,228,48,2528,11
"background",229,229,233,3423,187
"background",230,230,179,2584,143
"background",231,231,260,542,252
"background",232,232,113,9999,-18
"background",233,233,261,402,255
"background",234,234,96,9956,-40
"background",235,235,163,4757,103
"background",236,236,113,4467,54
"background",237,237,157,275,152
"background",238,238,256,493,248
"background",239,239,184,2824,146
"background",240,240,225,2456,191
"background",241,241,32,7645,-65
"background",242,242,258,1979,230
"background",243,243,234,3769,181
"background",244,244,247,1477,225
"background",245,245,82,2622,44
"background",246,246,208,426,202
"background",247,247,246,3235,200
"background",248,248,265,643,259
"background",249,249,195,3331,151
"background",250,250,173,4744,112
"background",251,251,197,6322,111
"background",252,252,75,11117,-79
"background",253,253,178,2112,151
"background",254,254,234,1952,205
"background",255,255,182,7797,79
"background",256,256,229,1765,209
"background",257,257,83,9891,-46
"background",258,258,188,6012,105
"background",259,259,165,2890,124
"background",260,260,260,592,252
"background",261,261,115,9391,-6
"background",262,262,172,7123,77
"background",263,263,238,1515,216
"background",264,264,161,8192,50
"background",265,265,167,2961,129
"background",266,266,194,1922,164
"background",267,267,251,543,243
"background",268,268,99,5214,34
"background",269,269,247,800,235
"background",270,270,201,3483,156
"background",271,271,180,6751,89
"background",272,272,111,9532,-11
"background",273,273,106,10054,-32
"background",274,274,68,2255,34
"background",275,275,229,3753,185
"background",276,276,261,180,259
"background",277,277,191,6304,106
"background",278,278,243,3943,189
"background",279,279,111,619,101
"background",280,280,254,429,249
"background",281,281,270,634,262
"background",282,282,159,8368,48
"background",283,283,238,1055,223
"background",284,284,263,458,256
"background",285,285,183,2863,145
"background",286,286,236,502,229
"background",287,287,22,1875,-6
"background",288,288,269,934,256
"background",289,289,248,2249,214
"background",290,290,205,4413,144
"background",291,291,246,1428,223
"background",292,292,186,6854,95
"background",293,293,223,3929,174
"background",294,294,106,4885,46
"background",295,295,138,7185,48
"background",296,296,267,655,258
"background",297,297,255,1878,227
"background",298,298,150,7941,48
"background",299,299,263,488,256
"background",300,300,144,8416,34
"background",301,301,238,3491,188
"background",302,302,127,9858,-4
"background",303,303,253,532,248
"background",304,304,-17,7871,-114
"background",305,305,124,1608,100
"background",306,306,251,283,248
"background",307,307,210,4961,143
"background",308,308,238,1681,215
"background",309,309,197,5707,120
"background",310,310,261,714,252
"background",311,311,111,9484,-10
"background",312,312,161,6421,80
"background",313,313,256,487,249
"background",314,314,153,7877,47
"background",315,315,267,320,262
"background",316,316,100,9640,-31
"background",317,317,94,368,89
"background",318,318,137,3270,92
"background",319,319,219,1333,197
"background",320,320,142,4183,89
"background",321,321,189,2226,156
"background",322,322,175,8098,66
"background",323,323,212,1709,187
"background",324,324,253,505,245
"background",325,325,37,7815,-61
"background",326,326,259,2007,228
"background",327,327,270,862,258
"background",328,328,263,668,253
"background",329,329,252,657,242
"background",330,330,271,311,266
"background",331,331,229,1057,212
"background",332,332,273,1436,251
"background",333,333,243,2123,211
"background",334,334,265,680,257
"background",335,335,200,5306,128
"background",336,336,259,416,252
"background",337,337,169,7202,73
"background",338,338,250,3032,207
"background",339,339,257,346,253
"background",340,340,140,7577,39
"background",341,341,113,6268,41
"background",342,342,263,600,255
"background",343,343,164,7370,66
"background",344,344,87,6266,8
"background",345,345,203,417,198
"background",346,346,142,7797,40
"background",347,347,201,6099,117
"background",348,348,177,6695,88
"background",349,349,260,396,254
"background",350,350,141,2947,99
"background",351,351,91,10746,-58
"background",352,352,187,415,181
"background",353,353,274,449,270
"background",354,354,262,415,255
"background",355,355,33,1725,6
"background",356,356,157,358,153
"background",357,357,79,9970,-49
"background",358,358,259,2148,228
"background",359,359,244,746,236
"background",360,360,273,897,262
"background",361,361,207,3011,166
"background",362,362,175,2090,147
"background",363,363,53,8045,-45
"background",364,364,96,4523,41
"background",365,365,257,580,248
"background",366,366,17,1557,-8
"background",367,367,261,670,251
"background",368,368,255,340,250
"background",369,369,230,3777,178
"background",370,370,247,559,239
"background",371,371,76,8287,-27
"background",372,372,176,7518,80
"background",373,373,268,944,255
"background",374,374,165,5198,93
"background",375,375,269,461,263
"background",376,376,122,8824,3
"background",377,377,136,8025,31
"background",378,378,229,1356,207
"background",379,379,178,4640,121
"background",380,380,236,3130,192
"background",381,381,258,2431,223
"background",382,382,265,871,253
"background",383,383,169,2797,129
"background",384,384,253,463,247
"background",385,385,233,1477,213
"background",386,386,222,5168,149
"background",387,387,202,285,198
"background",388,388,237,2176,206
"background",389,389,189,1828,162
"background",390,390,173,2969,135
"background",391,391,31,4826,-25
"background",392,392,131,8914,11
"background",393,393,199,4228,147
"background",394,394,208,3771,160
"background",395,395,252,564,243
"background",396,396,197,6372,111
"background",397,397,257,475,250
"background",398,398,197,2722,160
"background",399,399,192,4576,136
"background",400,400,232,2311,198
"background",401,401,170,2669,133
"background",402,402,252,1086,234
"background",403,403,198,4722,138
"background",404,404,118,9221,-8
"background",405,405,240,1717,215
"background",406,406,95,9955,-35
"background",407,407,148,8335,35
"background",408,408,163,838,152
"background",409,409,267,593,258
"background",410,410,253,1812,227
"background",411,411,207,4304,152
"background",412,412,153,7220,57
"background",413,413,247,578,238
"background",414,414,36,7874,-64
"background",415,415,147,7208,58
"background",416,416,274,947,262
"background",417,417,69,1508,45
"background",418,418,228,3944,174
"background",419,419,253,2906,211
"background",420,420,246,1509,225
"background",421,421,276,595,267
"background",422,422,231,3645,183
"background",423,423,89,278,84
"background",424,424,258,1526,235
"background",425,425,254,462,249
"background",426,426,116,9706,-16
"background",427,427,74,10672,-72
"background",428,428,91,1238,72
"background",429,429,185,6786,92
"background",430,430,255,585,246
"background",431,431,262,441,255
"background",432,432,140,6305,67
"background",433,433,234,3461,187
"background",434,434,178,6921,85
"background",435,435,205,4911,139
"background",436,436,251,743,240
"background",437,437,154,1890,130
"background",438,438,258,394,252
"background",439,439,266,543,257
"background",440,440,200,3814,147
"background",441,441,82,7926,-19
"background",442,442,245,669,237
"background",443,443,191,1571,171
"background",444,444,259,1773,232
"background",445,445,227,2471,191
"background",446,446,264,501,257
"background",447,447,240,1052,223
"background",448,448,101,8472,-4
"background",449,449,168,4884,106
"background",450,450,271,855,260
"background",451,451,271,364,267
"background",452,452,187,7221,90
"background",453,453,269,403,263
"background",454,454,95,1261,75
"background",455,455,205,2839,165
"background",456,456,7,7599,-85
"background",457,457,233,449,227
"background",458,458,260,1766,235
"background",459,459,268,452,262
"background",460,460,261,491,254
"background",461,461,217,2553,180
"background",462,462,132,8217,26
"background",463,463,240,2150,208
"background",464,464,267,440,260
"background",465,465,218,478,212
"background",466,466,148,6346,64
"background",467,467,86,560,77
"background",468,468,168,4705,108
"background",469,469,52,8084,-53
"background",470,470,255,446,250
"background",471,471,258,2507,222
"background",472,472,198,4263,145
"background",473,473,263,660,255
"background",474,474,204,2153,173
"background",475,475,148,4123,96
"background",476,476,257,2100,226
"background",477,477,136,7109,47
"background",478,478,180,6861,95
"background",479,479,271,557,262
"background",480,480,210,5755,131
"background",481,481,258,1979,230
"background",482,482,43,7591,-50
"background",483,483,77,2454,41
"background",484,484,251,1371,230
"background",485,485,253,475,247
"background",486,486,219,2409,185
"background",487,487,254,915,242
"background",488,488,191,6856,97
"background",489,489,169,3623,127
"background",490,490,270,634,264
"background",491,491,248,267,245
"background",492,492,263,574,254
"background",493,493,134,1027,119
"background",494,494,254,2071,224
"background",495,495,251,1504,227
"background",496,496,229,2068,197
"background",497,497,135,2098,110
"background",498,498,120,9417,-9
"background",499,499,94,3067,48
"background",500,500,227,3446,179
"background",501,501,169,4898,106
"background",502,502,205,1868,177
"background",503,503,181,2543,147
"background",504,504,282,1098,266
"background",505,505,123,8787,6
"background",506,506,227,7152,137
"background",507,507,265,218,263
"background",508,508,226,517,219
"background",509,509,248,1008,233
"background",510,510,247,884,233
"background",511,511,288,915,275
"background",512,512,268,536,263
"background",513,513,179,6694,90
"background",514,514,217,2656,180
"background",515,515,129,7857,24
"background",516,516,199,5890,121
"background",517,517,96,9096,-19
"background",518,518,164,6237,84
"background",519,519,276,704,267
"background",520,520,216,6508,126
"background",521,521,110,10316,-27
"background",522,522,269,342,264
"background",523,523,134,8670,17
"background",524,524,170,7664,71
"background",525,525,-1,8735,-115
"background",526,526,252,3826,197
"background",527,527,111,7851,11
"background",528,528,199,4339,143
"background",529,529,257,421,250
"background",530,530,242,1555,219
"background",531,531,218,2619,180
"background",532,532,92,3010,48
"background",533,533,252,409,246
"background",534,534,144,8351,39
"background",535,535,32,6421,-45
"background",536,536,240,1847,213
"background",537,537,182,5577,105
"background",538,538,273,496,265
"background",539,539,259,520,254
"background",540,540,261,478,256
"background",541,541,115,9533,-7
"background",542,542,255,1696,229
"background",543,543,161,7629,60
"background",544,544,84,9547,-45
"background",545,545,268,662,259
"background",546,546,262,496,258
"background",547,547,173,2496,138
"background",548,548,196,5159,124
"background",549,549,196,1048,180
"background",550,550,230,2065,200
"background",551,551,250,1524,228
"background",552,552,235,2517,200
"background",553,553,162,5408,92
"background",554,554,127,1681,104
"background",555,555,200,8227,98
"background",556,556,256,455,249
"background",557,557,225,4856,166
"background",558,558,214,1314,193
"background",559,559,272,592,263
"background",560,560,196,5932,117
"background",561,561,44,7957,-60
"background",562,562,71,10163,-66
"background",563,563,152,4035,100
"background",564,564,196,5861,118
"background",565,565,202,1921,174
"background",566,566,203,2478,168
"background",567,567,119,9873,-15
"background",568,568,215,3479,170
"background",569,569,264,538,256
"background",570,570,252,534,244
"background",571,571,265,391,258
"background",572,572,127,7764,22
"background",573,573,244,3396,196
"background",574,574,181,2254,151
"background",575,575,67,11700,-93
"background",576,576,257,1834,230
"background",577,577,83,1252,64
"background",578,578,142,7569,46
"background",579,579,262,1748,235
"background",580,580,94,9889,-33
"background",581,581,180,7948,75
"background",582,582,61,8125,-45
"background",583,583,201,549,193
"background",584,584,271,518,262
"background",585,585,255,399,248
"background",586,586,251,2128,219
"background",587,587,208,1091,190
"background",588,588,262,2060,232
"background",589,589,263,633,254
"background",590,590,259,414,253
"background",591,591,240,1698,214
"background",592,592,89,7826,-11
"background",593,593,174,2322,145
"background",594,594,138,6617,61
"background",595,595,94,8534,-14
"background",596,596,193,5603,115
"background",597,597,128,9129,4
"background",598,598,171,6703,85
"background",599,599,215,3541,165
"background",600,600,156,7169,61
"background",601,601,242,3096,198
"background",602,602,279,838,267
"background",603,603,256,471,250
"background",604,604,208,7105,111
"background",605,605,199,5679,123
"background",606,606,209,551,200
"background",607,607,253,2839,212
"background",608,608,214,3280,168
"background",609,609,249,359,245
"background",610,610,168,7168,73
"background",611,611,247,579,240
"background",612,612,236,4787,169
"background",613,613,255,534,248
"background",614,614,269,963,256
"background",615,615,147,8761,28
"background",616,616,232,478,226
"background",617,617,244,4957,181
"background",618,618,178,4794,116
"background",619,619,262,316,257
"background",620,620,91,10476,-49
"background",621,621,155,8091,50
"background",622,622,261,340,256
"background",623,623,223,1454,201
"background",624,624,95,9236,-22
"background",625,625,258,1662,234
"background",626,626,188,316,183
"background",627,627,251,1639,228
"background",628,628,247,545,240
"background",629,629,155,7535,53
"background",630,630,235,1899,206
"background",631,631,41,2191,6
"background",632,632,226,4167,170
"background",633,633,138,265,135
"background",634,634,262,575,254
"background",635,635,160,7746,57
"background",636,636,152,7581,51
"background",637,637,271,1122,254
"background",638,638,118,8925,-2
"background",639,639,243,2060,213
"background",640,640,132,7732,33
"background",641,641,228,1804,201
"background",642,642,73,11374,-81
"background",643,643,190,6321,106
"background",644,644,94,679,84
"background",645,645,210,4165,159
"background",646,646,106,4954,46
"background",647,647,234,1378,211
"background",648,648,148,7603,47
"background",649,649,235,341,230
"background",650,650,178,3295,135
"background",651,651,206,3783,157
"background",652,652,211,4102,158
"background",653,653,255,608,245
"background",654,654,14,8066,-89
"background",655,655,238,1423,215
"background",656,656,158,4303,100
"background",657,657,243,1950,214
"background",658,658,278,837,267
"background",659,659,275,381,270
"background",660,660,188,7404,89
"background",661,661,265,687,258
"background",662,662,225,1377,204
"background",663,663,253,339,249
"background",664,664,76,345,71
"background",665,665,161,4794,100
"background",666,666,206,3535,156
"background",667,667,201,6201,121
"background",668,668,157,241,153
"background",669,669,143,8247,32
"background",670,670,261,1976,231
"background",671,671,252,444,245
"background",672,672,75,11225,-79
"background",673,673,259,494,252
"background",674,674,253,386,248
"background",675,675,232,1305,211
"background",676,676,149,692,139
"background",677,677,127,9662,-3
"background",678,678,139,8105,33
"background",679,679,283,672,273
"background",680,680,236,290,233
"background",681,681,264,566,259
"background",682,682,106,7804,6
"background",683,683,158,8416,46
"background",684,684,155,3116,114
"background",685,685,238,905,223
"background",686,686,246,2073,215
"background",687,687,208,1301,187
"background",688,688,230,2069,200
"background",689,689,263,397,256
"background",690,690,183,4712,124
"background",691,691,17,6994,-69
"background",692,692,174,7582,74
"background",693,693,138,7874,32
"background",694,694,231,977,216
"background",695,695,180,6799,93
"background",696,696,198,5629,122
"background",697,697,232,3877,179
"background",698,698,226,1330,206
"background",699,699,113,1060,97
"background",700,700,88,9969,-41
"background",701,701,251,691,243
"background",702,702,236,5343,160
"background",703,703,221,2688,183
"background",704,704,198,4376,142
"background",705,705,138,1926,114
"background",706,706,182,5653,106
"background",707,707,69,11393,-88
"background",708,708,234,663,226
"background",709,709,272,784,263
"background",710,710,220,4363,163
"background",711,711,246,705,237
"background",712,712,254,582,247
"background",713,713,219,7966,120
"background",714,714,275,789,264
"background",715,715,131,8930,11
"background",716,716,98,9620,-32
"background",717,717,260,1524,238
"background",718,718,259,503,252
"background",719,719,214,4603,154
"background",720,720,224,1274,203
"background",721,721,97,9667,-34
"background",722,722,249,419,245
"background",723,723,256,407,250
"background",724,724,207,507,199
"background",725,725,266,563,261
"background",726,726,147,473,141
"background",727,727,256,455,248
"background",728,728,235,5074,163
"background",729,729,243,819,233
"background",730,730,252,581,245
"background",731,731,189,6860,96
"background",732,732,261,371,255
"background",733,733,90,9786,-36
"background",734,734,179,6628,90
"background",735,735,88,9076,-32
"background",736,736,239,1183,222
"background",737,737,138,8338,30
"background",738,738,256,625,246
"background",739,739,52,7977,-50
"background",740,740,256,607,246
"background",741,741,223,2834,185
"background",742,742,163,153,161
"background",743,743,172,8542,58
"background",744,744,38,8084,-68
"background",745,745,153,1899,126
"background",746,746,256,2058,227
"background",747,747,131,3625,81
"background",748,748,239,2129,208
"background",749,749,264,1331,244
"background",750,750,159,7706,56
"background",751,751,216,4049,164
"background",752,752,221,5160,151
"background",753,753,273,1316,254
"background",754,754,177,4293,117
"background",755,755,250,3272,203
"background",756,756,158,7723,55
"background",757,757,226,2173,194
"background",758,758,239,1750,217
"background",759,759,46,6889,-41
"background",760,760,73,10206,-65
"background",761,761,209,2762,171
"background",762,762,39,6345,-39
"background",763,763,255,590,246
"background",764,764,269,366,266
"background",765,765,229,446,224
"background",766,766,132,1238,112
"background",767,767,15,1101,-1
"background",768,768,185,6896,94
"background",769,769,256,480,251
"background",770,770,143,843,130
"background",771,771,149,7872,44
"background",772,772,248,899,234
"background",773,773,265,490,260
"background",774,774,245,1058,229
"background",775,775,221,1251,202
"background",776,776,76,9866,-58
"background",777,777,186,6567,98
"background",778,778,90,699,80
"background",779,779,226,268,222
"background",780,780,275,750,264
"background",781,781,113,9494,-9
"background",782,782,148,8101,39
"background",783,783,254,223,251
"background",784,784,236,888,222
"background",785,785,152,8036,44
"background",786,786,186,2674,155
"background",787,787,252,769,241
"background",788,788,251,2003,221
"background",789,789,240,379,235
"background",790,790,256,578,247
"background",791,791,206,1628,180
"background",792,792,242,1540,219
"background",793,793,236,1423,213
"background",794,794,51,8184,-49
"background",795,795,267,663,257
"background",796,796,89,8270,-18
"background",797,797,188,3154,146
"background",798,798,253,598,243
"background",799,799,236,4480,174
"background",800,800,225,1626,200
"background",801,801,258,677,247
"background",802,802,-2,6427,-80
"background",803,803,111,8523,3
"background",804,804,250,5272,183
"background",805,805,248,1309,228
"background",806,806,151,6699,72
"background",807,807,246,1671,225
"background",808,808,256,2107,224
"background",809,809,209,1412,187
"background",810,810,243,556,235
"background",811,811,268,922,255
"background",812,812,29,1412,6
"background",813,813,130,8724,12
"background",814,814,217,2024,187
"background",815,815,211,2600,174
"background",816,816,102,10331,-40
"background",817,817,228,566,220
"background",818,818,263,599,255
"background",819,819,268,649,262
"background",820,820,256,416,250
"background",821,821,213,5568,143
"background",822,822,259,583,250
"background",823,823,173,7665,74
"background",824,824,273,535,264
"background",825,825,76,1344,55
"background",826,826,270,735,259
"background",827,827,243,2473,208
"background",828,828,266,384,260
"background",829,829,238,1492,217
"background",830,830,117,9803,-11
"background",831,831,175,1679,155
"background",832,832,238,1492,217
"background",833,833,74,10085,-62
"background",834,834,171,1009,157
"background",835,835,260,417,254
"background",836,836,234,4648,169
"background",837,837,82,9694,-48
"background",838,838,218,3087,174
"background",839,839,178,7447,77
"background",840,840,144,409,138
"background",841,841,212,4274,157
"background",842,842,150,9013,29
"background",843,843,263,1628,240
"background",844,844,161,6167,79
"background",845,845,202,5681,127
"background",846,846,104,898,90
"background",847,847,268,413,262
"background",848,848,267,1997,238
"background",849,849,269,333,263
"background",850,850,219,2650,182
"background",851,851,250,3020,209
"background",852,852,254,514,246
"background",853,853,244,857,232
"background",854,854,198,2072,168
"background",855,855,232,3858,179
"background",856,856,224,2521,189
"background",857,857,275,702,265
"background",858,858,258,1672,233
"background",859,859,198,4455,143
"background",860,860,267,890,255
"background",861,861,238,3354,194
"background",862,862,158,2545,121
"background",863,863,37,7892,-64
"background",864,864,192,4590,135
"background",865,865,265,864,254
"background",866,866,227,412,223
"background",867,867,269,575,261
"background",868,868,193,6079,112
"background",869,869,234,1642,211
"background",870,870,253,399,249
"background",871,871,78,1691,53
"background",872,872,252,455,246
"background",873,873,142,8290,29
"background",874,874,259,630,250
"background",875,875,68,2631,29
"background",876,876,194,6022,113
"background",877,877,228,1574,203
"background",878,878,226,2315,194
"background",879,879,224,365,219
"background",880,880,263,672,257
"background",881,881,242,1307,223
"background",882,882,271,377,266
"background",883,883,71,8166,-34
"background",884,884,264,382,258
"background",885,885,253,2812,212
"background",886,886,275,826,264
"background",887,887,69,10757,-79
"background",888,888,169,4796,106
"background",889,889,223,1071,206
"background",890,890,262,403,256
"background",891,891,161,2101,131
"background",892,892,276,888,264
"background",893,893,246,1343,225
"background",894,894,250,646,239
"background",895,895,34,1515,10
"background",896,896,237,1596,218
"background",897,897,163,6115,85
"background",898,898,271,875,263
"background",899,899,263,510,257
"background",900,900,266,560,257
"background",901,901,218,826,206
"background",902,902,177,7403,77
"background",903,903,195,359,191
"background",904,904,180,7077,87
"background",905,905,165,6767,79
"background",906,906,227,4223,174
"background",907,907,209,1953,181
"background",908,908,245,2290,211
"background",909,909,176,2127,145
"background",910,910,252,2697,213
"background",911,911,259,650,252
"background",912,912,172,2966,133
"background",913,913,71,11364,-84
"background",914,914,254,430,248
"background",915,915,234,2052,207
"background",916,916,244,660,233
"background",917,917,283,895,271
"background",918,918,184,7220,86
"background",919,919,215,6468,126
"background",920,920,97,10170,-37
"background",921,921,245,646,235
"background",922,922,262,640,252
"background",923,923,-2,7650,-98
"background",924,924,164,7389,67
"background",925,925,266,365,261
"background",926,926,257,1696,232
"background",927,927,54,1374,33
"background",928,928,186,1713,163
"background",929,929,264,624,254
"background",930,930,223,4245,166
"background",931,931,143,1928,116
"background",932,932,228,1307,208
"background",933,933,181,7287,85
"background",934,934,241,1772,214
"background",935,935,154,4758,91
"background",936,936,246,2284,213
"background",937,937,267,871,255
"background",938,938,128,8775,8
"background",939,939,149,7777,45
"background",940,940,146,8714,27
"background",941,941,230,388,223
"background",942,942,96,9654,-35
"background",943,943,-9,6549,-88
"background",944,944,169,4505,112
"background",945,945,219,417,213
"background",946,946,242,1315,222
"background",947,947,201,4712,136
"background",948,948,261,569,253
"background",949,949,91,4095,42
"background",950,950,241,415,237
"background",951,951,225,4522,168
"background",952,952,125,7834,19
"background",953,953,154,7815,49
"background",954,954,77,6698,-6
"background",955,955,260,544,253
"background",956,956,0,7988,-99
"background",957,957,190,1495,170
"background",958,958,124,7710,26
"background",959,959,262,596,254
"background",960,960,68,2702,28
"background",961,961,268,464,261
"background",962,962,275,1056,261
"background",963,963,282,528,274
"background",964,964,247,2407,212
"background",965,965,171,4444,114
"background",966,966,240,3102,196
"background",967,967,95,10213,-40
"background",968,968,259,574,252
"background",969,969,155,7395,61
"background",970,970,260,554,252
"background",971,971,260,699,252
"background",972,972,248,2594,213
"background",973,973,265,737,255
"background",974,974,174,7705,72
"background",975,975,231,2203,199
"background",976,976,124,9428,2
"background",977,977,181,5040,111
"background",978,978,223,3796,174
"background",979,979,244,1020,228
"background",980,980,224,1317,203
"background",981,981,257,674,246
"background",982,982,205,333,199
"background",983,983,261,825,252
"background",984,984,56,1581,31
"background",985,985,265,405,259
"background",986,986,159,8475,44
"background",987,987,251,599,244
"background",988,988,245,1450,223
"background",989,989,209,317,205
"background",990,990,251,1878,223
"background",991,991,91,4711,34
"background",992,992,194,6415,107
"background",993,993,259,1946,229
"background",994,994,180,6576,92
"background",995,995,270,281,265
"background",996,996,229,588,220
"background",997,997,200,2749,165
"background",998,998,272,403,267
"background",999,999,-4,7352,-98
"background",1000,1000,271,566,264
"background",1001,1001,259,531,252
"background",1002,1002,75,2844,33
"background",1003,1003,278,787,266
"background",1004,1004,144,9367,22
"background",1005,1005,192,7331,92
"background",1006,1006,231,1327,210
"background",1007,1007,233,1745,207
"background",1008,1008,259,479,251
"background",1009,1009,81,5456,14
"background",1010,1010,269,909,257
"background",1011,1011,179,7613,76
"background",1012,1012,283,483,277
"background",1013,1013,96,9014,-19
"background",1014,1014,29,1026,13
"background",1015,1015,223,4239,165
"background",1016,1016,238,1593,213
"background",1017,1017,86,7749,-12
"background",1018,1018,32,7949,-72
"background",1019,1019,274,476,269
"background",1020,1020,239,2113,208
"background",1021,1021,249,1998,219
"background",1022,1022,181,3415,133
"background",1023,1023,262,1871,233
"background",1024,1024,171,1572,150
"background",1025,1025,148,7697,54
"background",1026,1026,273,570,268
"background",1027,1027,153,7611,50
"background",1028,1028,267,806,255
"background",1029,1029,-7,7780,-110
"background",1030,1030,253,3793,203
"background",1031,1031,250,1076,233
"background",1032,1032,236,1858,209
"background",1033,1033,111,9761,-22
"background",1034,1034,274,736,263
"background",1035,1035,184,6509,97
"background",1036,1036,160,7415,67
"background",1037,1037,235,761,223
"background",1038,1038,272,594,265
"background",1039,1039,4,7547,-94
"background",1040,1040,276,961,264
"background",1041,1041,261,457,254
"background",1042,1042,98,9484,-31
"background",1043,1043,180,6637,91
"background",1044,1044,264,585,255
"background",1045,1045,195,6375,108
"background",1046,1046,121,9627,-9
"background",1047,1047,265,731,257
"background",1048,1048,130,9170,6
"background",1049,1049,223,4251,166
"background",1050,1050,247,817,234
"background",1051,1051,240,819,227
"background",1052,1052,180,2477,145
"background",1053,1053,81,5084,21
"background",1054,1054,189,1166,172
"background",1055,1055,110,10153,-23
"background",1056,1056,156,7804,53
"background",1057,1057,166,3366,118
"background",1058,1058,176,3327,129
"background",1059,1059,261,434,254
"background",1060,1060,85,4922,25
"background",1061,1061,212,3498,166
"background",1062,1062,180,7202,85
"background",1063,1063,203,2883,166
"background",1064,1064,274,626,264
"background",1065,1065,231,2592,195
"background",1066,1066,227,3860,175
"background",1067,1067,274,625,264
"background",1068,1068,238,783,227
"background",1069,1069,222,3435,174
"background",1070,1070,169,4822,107
"background",1071,1071,253,636,243
"background",1072,1072,157,6886,75
"background",1073,1073,260,579,253
"background",1074,1074,268,665,263
"background",1075,1075,249,357,244
"background",1076,1076,114,8747,3
"background",1077,1077,175,4616,111
"background",1078,1078,210,300,206
"background",1079,1079,129,554,121
"background",1080,1080,189,6511,103
"background",1081,1081,194,4583,138
"background",1082,1082,255,590,247
"background",1083,1083,261,473,254
"background",1084,1084,121,7852,16
"background",1085,1085,269,394,264
"background",1086,1086,252,624,242
"background",1087,1087,7,6930,-78
"background",1088,1088,246,1529,222
"background",1089,1089,197,1731,172
"background",1090,1090,216,759,207
"background",1091,1091,204,6987,108
"background",1092,1092,236,4423,176
"background",1093,1093,198,5114,131
"background",1094,1094,30,6780,-53
"background",1095,1095,254,385,248
"background",1096,1096,160,8403,48
"background",1097,1097,177,4643,120
"background",1098,1098,286,882,275
"background",1099,1099,208,3650,162
"background",1100,1100,256,1657,230
"background",1101,1101,267,528,260
"background",1102,1102,180,4709,120
"background",1103,1103,262,501,255
"background",1104,1104,240,347,234
"background",1105,1105,185,6181,104
"background",1106,1106,204,570,195
"background",1107,1107,200,6843,108
"background",1108,1108,38,7439,-57
"background",1109,1109,264,800,253
"background",1110,1110,238,1205,219
"background",1111,1111,153,8942,32
"background",1112,1112,242,1478,221
"background",1113,1113,239,1427,216
"background",1114,1114,137,8905,23
"background",1115,1115,261,710,251
"background",1116,1116,156,7925,55
"background",1117,1117,239,1688,214
"background",1118,1118,193,6458,104
"background",1119,1119,251,1199,232
"background",1120,1120,198,1020,182
"background",1121,1121,250,390,243
"background",1122,1122,257,251,253
