"species","x","y","bio1","bio4","bio11"
"species",1,1,236,3279,193
"species",2,2,197,2205,166
"species",3,3,180,7168,86
"species",4,4,250,3052,209
"species",5,5,121,9906,-8
"species",6,6,240,304,236
"species",7,7,198,6343,112
"species",8,8,267,803,258
"species",9,9,181,7212,85
"species",10,10,157,7942,50
"species",11,11,187,7413,90
"species",12,12,154,7813,51
"species",13,13,220,392,214
"species",14,14,180,7124,85
"species",15,15,211,6084,127
"species",16,16,188,6557,99
"species",17,17,201,6468,112
"species",18,18,202,6615,113
"species",19,19,117,9788,-9
"species",20,20,200,6653,109
"species",21,21,252,2486,219
"species",22,22,180,7550,79
"species",23,23,191,6519,103
"species",24,24,166,8546,52
"species",25,25,252,450,246
"species",26,26,180,7124,85
"species",27,27,178,7849,75
"species",28,28,232,1592,210
"species",29,29,259,2098,229
"species",30,30,254,475,249
"species",31,31,236,2308,203
"species",32,32,190,6660,99
"species",33,33,193,6458,104
"species",34,34,169,2343,136
"species",35,35,274,889,264
"species",36,36,200,6334,115
"species",37,37,204,6551,114
"species",38,38,207,6018,125
"species",39,39,163,8418,51
"species",40,40,247,1656,222
"species",41,41,261,1664,238
"species",42,42,270,598,261
"species",43,43,211,4926,145
"species",44,44,225,5478,151
"species",45,45,253,628,243
"species",46,46,128,9651,-1
"species",47,47,196,6815,105
"species",48,48,180,7146,83
"species",49,49,252,348,248
"species",50,50,259,429,253
"species",51,51,181,6684,90
"species",52,52,224,1038,211
"species",53,53,255,710,247
"species",54,54,178,7597,76
"species",55,55,228,3207,186
"species",56,56,160,8528,47
"species",57,57,177,7289,79
"species",58,58,193,6403,106
"species",59,59,196,6233,113
"species",60,60,236,4440,176
"species",61,61,132,9553,1
"species",62,62,155,8836,38
"species",63,63,266,1007,252
"species",64,64,194,6186,111
"species",65,65,125,9801,-7
"species",66,66,275,1516,253
"species",67,67,271,603,264
"species",68,68,185,7396,85
"species",69,69,172,548,164
"species",70,70,179,1604,157
"species",71,71,169,2594,133
"species",72,72,271,935,259
"species",73,73,267,983,254
"species",74,74,259,2098,229
"species",75,75,201,6802,111
"species",76,76,196,6245,112
"species",77,77,195,1580,175
"species",78,78,172,234,168
"species",79,79,258,2009,229
"species",80,80,195,1580,175
"species",81,81,163,1274,145
"species",82,82,122,9854,-7
"species",83,83,194,6415,107
"species",84,84,185,7243,90
"species",85,85,248,2390,216
"species",86,86,213,5913,131
"species",87,87,247,1656,222
"species",88,88,206,2251,176
"species",89,89,223,4228,165
"species",90,90,190,6889,97
"species",91,91,175,7614,74
"species",92,92,194,6334,108
"species",93,93,239,442,232
"species",94,94,211,4882,145
"species",95,95,196,6744,104
"species",96,96,180,7077,85
"species",97,97,196,6169,113
"species",98,98,196,6299,110
"species",99,99,235,3426,190
"species",100,100,153,9130,34
"species",101,101,134,9535,7
"species",102,102,248,2874,211
"species",103,103,261,1664,238
"species",104,104,118,9590,-6
"species",105,105,180,7124,85
"species",106,106,177,6848,84
"species",107,107,232,1806,205
"species",108,108,261,1151,245
"species",109,109,196,6266,112
"species",110,110,246,2954,206
"species",111,111,190,7637,88
"species",112,112,199,1609,180
"species",113,113,160,955,146
"species",114,114,178,7597,76
"species",115,115,127,9667,0
"species",116,116,143,357,138
"species",117,117,199,6790,106
"species",118,118,225,2546,189
"species",119,119,280,742,269
"species",120,120,180,7124,85
"species",121,121,247,2219,215
"species",122,122,174,6973,82
"species",123,123,176,6833,82
"species",124,124,188,1563,167
"species",125,125,201,6254,116
"species",126,126,182,7105,87
"species",127,127,179,7855,74
"species",128,128,181,7224,83
"species",129,129,262,478,254
"species",130,130,184,7462,84
"species",131,131,174,8098,67
"species",132,132,190,7160,93
"species",133,133,179,7051,84
"species",134,134,288,684,279
"species",135,135,252,3025,208
"species",136,136,189,2576,153
"species",137,137,280,393,273
"species",138,138,218,2867,181
"species",139,139,184,7063,89
"species",140,140,133,1702,108
"species",141,141,269,937,256
"species",142,142,187,7413,90
"species",143,143,189,6776,98
"species",144,144,259,2098,229
"species",145,145,203,1948,176
"species",146,146,181,7287,85
"species",147,147,175,6877,82
"species",148,148,200,6669,109
"species",149,149,176,7588,73
"species",150,150,265,2006,236
"species",151,151,254,2055,225
"species",152,152,179,2983,137
"species",153,153,207,5996,125
"species",154,154,192,2322,159
"species",155,155,160,8578,46
"species",156,156,181,7296,84
"species",157,157,146,8127,38
"species",158,158,169,7910,64
"species",159,159,272,636,263
"species",160,160,258,1979,230
"species",161,161,207,6836,114
"species",162,162,269,1258,251
"species",163,163,236,827,224
"species",164,164,153,1038,138
"species",165,165,273,903,262
"species",166,166,253,2113,222
"species",167,167,214,4663,151
"species",168,168,135,9614,7
"species",169,169,235,5769,154
"species",170,170,196,6233,113
"species",171,171,169,2624,132
"species",172,172,238,4076,181
"species",173,173,174,8558,61
"species",174,174,188,6680,97
"species",175,175,241,993,227
"species",176,176,251,1551,230
"species",177,177,182,7880,78
"species",178,178,199,6928,107
"species",179,179,184,4657,125
"species",180,180,184,7063,89
"species",181,181,120,10133,-13
"species",182,182,235,703,227
"species",183,183,197,6043,116
"species",184,184,221,1201,205
"species",185,185,236,1932,208
"species",186,186,270,507,264
"species",187,187,186,2049,157
"species",188,188,217,2695,182
"species",189,189,223,6514,134
"species",190,190,174,8260,63
"species",191,191,193,1519,171
"species",192,192,182,6940,89
"species",193,193,183,1084,167
"species",194,194,174,7810,68
"species",195,195,216,2687,181
"species",196,196,199,6820,107
"species",197,197,128,9876,-6
"species",198,198,199,6823,107
"species",199,199,183,6964,88
"species",200,200,174,7771,70
"species",201,201,251,822,239
"species",202,202,194,6315,110
"species",203,203,265,812,255
"species",204,204,222,443,216
"species",205,205,194,6304,109
"species",206,206,228,3207,186
"species",207,207,174,7594,73
"species",208,208,177,7289,79
"species",209,209,257,2386,225
"species",210,210,252,1574,230
"species",211,211,188,6620,100
"species",212,212,217,2695,182
"species",213,213,183,6758,90
"species",214,214,171,7737,67
"species",215,215,248,3704,195
"species",216,216,186,7167,89
"species",217,217,215,6796,122
"species",218,218,185,7449,84
"species",219,219,247,1851,221
"species",220,220,177,6848,84
"species",221,221,224,1775,198
"species",222,222,241,1900,214
"species",223,223,180,7214,82
"species",224,224,179,7723,74
"species",225,225,180,7129,83
"species",226,226,143,357,138
"species",227,227,180,7550,79
"species",228,228,154,8727,37
"species",229,229,252,2806,215
"species",230,230,103,10279,-37
"species",231,231,184,7262,87
"species",232,232,264,745,256
"species",233,233,181,7239,83
"species",234,234,121,9906,-8
"species",235,235,127,9662,-3
"species",236,236,198,1119,181
"species",237,237,194,6404,107
"species",238,238,188,7391,88
"species",239,239,189,6238,105
"species",240,240,247,1656,222
"species",241,241,193,6041,112
"species",242,242,203,2782,164
"species",243,243,247,1656,222
"species",244,244,178,7381,79
"species",245,245,240,726,229
"species",246,246,266,653,259
"species",247,247,171,8283,60
"species",248,248,268,979,255
"species",249,249,244,1434,223
"species",250,250,137,9696,9
"species",251,251,175,7693,71
"species",252,252,143,8660,30
"species",253,253,173,7574,71
"species",254,254,170,2215,139
"species",255,255,261,1664,238
"species",256,256,249,2085,220
"species",257,257,181,7085,86
"species",258,258,205,5275,134
"species",259,259,243,808,232
"species",260,260,189,259,185
"species",261,261,243,1677,221
"species",262,262,244,1434,223
"species",263,263,257,1422,236
"species",264,264,222,3052,181
"species",265,265,156,2112,127
"species",266,266,223,4344,164
"species",267,267,229,1765,209
"species",268,268,224,3087,183
"species",269,269,182,7207,86
"species",270,270,265,386,261
"species",271,271,247,1656,222
"species",272,272,227,1653,204
"species",273,273,185,6677,94
"species",274,274,261,522,255
"species",275,275,248,2042,219
"species",276,276,226,3263,183
"species",277,277,232,3880,179
"species",278,278,219,1012,204
"species",279,279,256,1675,231
"species",280,280,134,9535,7
"species",281,281,250,2970,207
"species",282,282,267,528,259
"species",283,283,232,1335,213
"species",284,284,179,2983,137
"species",285,285,178,7597,76
"species",286,286,224,898,211
"species",287,287,267,467,260
"species",288,288,222,3052,181
"species",289,289,190,7160,93
"species",290,290,221,1227,203
"species",291,291,281,287,277
"species",292,292,214,1486,193
"species",293,293,178,8051,70
"species",294,294,200,6843,108
"species",295,295,273,903,262
"species",296,296,196,6350,110
"species",297,297,190,6657,100
"species",298,298,166,1129,149
"species",299,299,257,1458,235
"species",300,300,187,6870,95
"species",301,301,190,6378,105
"species",302,302,182,7478,83
"species",303,303,180,7156,84
