"species","x","y","bio1","bio10","bio11","bio12","bio13","bio14","bio15","bio16","bio17","bio18","bio19","bio2","bio3","bio4","bio5","bio6","bio7","bio8","bio9"
"species",1,1,174,277,63,831,120,35,36,288,124,202,124,137,36,8260,357,-19,376,218,63
"species",2,2,194,270,109,1516,156,86,13,426,314,426,406,119,41,6304,328,40,288,270,201
"species",3,3,180,270,86,1232,129,68,15,350,244,263,324,127,39,7168,340,15,325,220,265
"species",4,4,211,242,181,2697,362,95,41,1016,311,1016,311,78,53,2350,282,135,147,242,181
"species",5,5,121,248,-8,593,90,11,56,262,42,249,42,148,34,9906,339,-93,432,222,-8
"species",6,6,240,243,236,4149,633,97,50,1690,372,665,1690,106,87,304,301,180,121,236,238
"species",7,7,198,275,112,1385,148,87,16,400,272,371,328,117,40,6343,336,45,291,261,159
"species",8,8,267,279,258,1400,299,4,90,781,18,133,122,97,73,803,338,206,132,264,273
"species",9,9,181,271,85,737,104,35,31,251,121,185,121,136,39,7212,346,3,343,221,85
"species",10,10,170,197,139,1593,260,32,62,744,127,711,127,107,60,2215,247,70,177,195,139
"species",11,11,187,280,90,543,83,20,45,198,70,154,70,143,41,7413,354,6,348,240,90
"species",12,12,154,252,51,466,68,12,58,194,42,190,43,163,43,7813,335,-42,377,235,62
"species",13,13,180,268,83,637,89,26,38,215,89,188,91,150,42,7146,348,-5,353,222,95
"species",14,14,180,268,85,602,83,24,38,202,84,187,87,151,43,7124,347,-2,349,253,95
"species",15,15,200,281,109,931,122,46,31,307,175,216,183,126,39,6653,354,37,317,237,125
"species",16,16,223,300,134,424,81,11,59,179,43,144,48,138,43,6514,374,57,317,270,153
"species",17,17,199,282,107,877,117,42,32,286,167,192,173,126,39,6823,356,33,323,237,123
"species",18,18,246,279,206,882,225,4,113,643,19,478,68,107,58,2954,326,144,182,277,239
"species",19,19,197,220,166,1358,256,23,70,683,86,625,107,112,63,2205,274,98,176,220,166
"species",20,20,248,286,195,1292,278,27,77,646,88,518,98,116,52,3704,350,129,221,279,209
"species",21,21,252,280,219,1362,373,3,121,1019,17,1019,41,123,66,2486,331,147,184,280,240
"species",22,22,180,274,79,567,87,20,46,207,73,162,73,147,41,7550,349,-7,356,234,79
"species",23,23,191,271,103,1547,163,108,11,430,344,371,430,122,40,6519,334,35,299,115,239
"species",24,24,166,274,52,577,84,19,48,213,65,191,65,153,38,8546,361,-36,397,253,52
"species",25,25,252,258,246,2656,325,62,38,943,306,352,799,102,84,450,315,194,121,250,255
"species",26,26,180,268,85,602,83,24,38,202,84,187,87,151,43,7124,347,-2,349,253,95
"species",27,27,178,277,75,829,117,42,30,285,140,197,140,133,37,7849,353,-3,356,221,75
"species",28,28,193,268,110,1561,159,72,17,448,320,431,419,117,40,6217,327,41,286,265,200
"species",29,29,185,272,90,1157,125,64,15,327,243,244,293,129,39,7052,344,19,325,224,268
"species",30,30,260,268,245,1724,266,33,57,744,118,430,152,108,69,918,334,178,156,265,248
"species",31,31,118,135,97,893,173,9,88,504,28,286,28,159,71,1518,224,3,221,129,97
"species",32,32,243,245,238,2131,314,76,40,768,308,627,441,100,89,317,299,187,112,241,239
"species",33,33,177,267,79,1384,150,79,16,393,272,292,387,131,39,7289,338,6,332,178,230
"species",34,34,169,195,136,608,112,8,79,304,34,190,42,160,66,2343,286,47,239,189,137
"species",35,35,274,287,264,1320,311,0,104,715,2,168,81,105,72,889,352,207,145,270,274
"species",36,36,200,277,115,1326,143,83,16,384,270,346,313,116,39,6334,340,48,292,262,161
"species",37,37,255,263,246,2951,435,59,48,1145,210,637,544,87,75,652,314,199,115,257,257
"species",38,38,207,279,125,1320,191,64,30,446,214,397,274,98,36,6018,331,62,269,277,168
"species",39,39,163,269,51,895,136,34,39,322,123,225,123,138,36,8418,349,-32,381,209,51
"species",40,40,247,265,222,2377,441,39,69,1097,155,550,240,111,66,1656,331,165,166,256,246
"species",41,41,261,279,238,833,222,1,109,574,13,430,29,132,72,1664,338,157,181,277,242
"species",42,42,253,259,243,1855,251,33,55,733,118,647,153,113,76,628,321,173,148,257,244
"species",43,43,225,252,189,1443,175,45,34,498,182,467,245,120,61,2546,313,118,195,242,190
"species",44,44,147,201,101,574,126,0,99,344,2,9,334,125,52,3946,276,38,238,104,195
"species",45,45,131,239,26,239,44,11,51,107,36,97,36,166,42,8288,335,-57,392,229,45
"species",46,46,174,276,67,955,132,45,32,328,156,222,156,124,34,8098,349,-6,355,216,67
"species",47,47,190,270,102,1537,158,92,13,436,321,368,436,123,41,6524,331,33,298,102,238
"species",48,48,220,224,214,3227,459,103,42,1279,377,594,1162,111,88,392,287,161,126,215,222
"species",49,49,272,276,264,2449,301,146,26,821,452,614,587,112,84,514,339,207,132,270,275
"species",50,50,259,283,225,1228,272,15,98,745,48,303,53,111,60,2269,351,166,185,278,233
"species",51,51,181,262,90,737,98,33,35,245,112,208,112,139,42,6684,337,8,329,231,90
"species",52,52,257,269,236,1684,279,33,60,771,118,553,118,117,67,1422,337,163,174,268,236
"species",53,53,259,275,233,1266,199,39,52,496,137,435,169,111,68,1725,334,173,161,274,253
"species",54,54,197,280,101,486,79,14,48,185,52,148,56,142,42,6968,351,14,337,247,111
"species",55,55,228,266,186,1337,168,51,34,475,174,424,174,108,55,3207,322,128,194,261,186
"species",56,56,160,268,47,555,90,13,53,223,49,192,49,152,38,8528,356,-40,396,247,47
"species",57,57,177,267,79,1384,150,79,16,393,272,292,387,131,39,7289,338,6,332,178,230
"species",58,58,193,271,106,1519,148,92,12,418,319,401,418,120,40,6403,330,37,293,106,199
"species",59,59,117,244,-9,536,82,10,57,240,37,228,37,153,35,9788,336,-96,432,218,-9
"species",60,60,236,287,176,818,217,6,104,545,28,487,109,179,58,4440,382,78,304,280,232
"species",61,61,236,275,193,1309,158,44,35,453,160,418,160,118,57,3279,336,131,205,270,193
"species",62,62,163,272,49,766,132,27,45,290,93,215,93,133,34,8646,351,-30,381,209,49
"species",63,63,266,278,252,1713,368,4,99,972,18,196,44,122,72,1007,347,178,169,267,253
"species",64,64,191,268,106,1581,158,76,16,437,315,424,434,126,42,6314,331,33,298,120,197
"species",65,65,127,248,-1,960,144,28,45,366,92,344,92,118,29,9637,321,-74,395,226,-1
"species",66,66,275,291,253,889,228,3,113,527,11,274,13,100,65,1516,351,199,152,283,259
"species",67,67,196,271,113,1507,178,93,19,482,319,482,370,111,39,6169,325,47,278,271,203
"species",68,68,258,274,233,1249,193,38,50,492,134,422,175,107,68,1684,331,174,157,273,252
"species",69,69,172,178,164,2767,381,48,52,1081,204,750,548,90,81,548,229,118,111,173,168
"species",70,70,247,265,222,2377,441,39,69,1097,155,550,240,111,66,1656,331,165,166,256,246
"species",71,71,169,198,133,666,141,11,93,394,34,164,44,156,62,2594,291,42,249,192,164
"species",72,72,188,278,88,397,73,11,53,169,42,122,42,150,42,7391,348,-4,352,240,88
"species",73,73,267,280,254,2460,395,17,62,1046,110,155,1010,93,72,983,344,215,129,257,276
"species",74,74,259,281,229,1240,237,16,83,679,53,273,84,118,64,2098,349,165,184,273,256
"species",75,75,270,277,264,1743,374,0,95,891,8,222,8,94,77,507,330,209,121,267,267
"species",76,76,196,271,112,1501,165,91,15,448,315,448,386,114,40,6245,327,45,282,271,201
"species",77,77,195,216,175,1237,250,7,99,730,32,360,47,136,65,1580,303,95,208,200,176
"species",78,78,181,268,86,603,82,24,39,204,82,189,85,151,43,7085,347,-2,349,231,96
"species",79,79,259,281,229,1240,237,16,83,679,53,273,84,118,64,2098,349,165,184,273,256
"species",80,80,189,199,175,1247,257,3,95,658,11,420,34,105,72,967,261,116,145,195,181
"species",81,81,180,267,85,1404,148,81,17,404,268,293,402,131,40,7077,337,13,324,180,231
"species",82,82,122,249,-7,577,92,11,55,255,42,243,42,149,34,9854,340,-92,432,223,-7
"species",83,83,267,272,259,1625,225,34,50,587,118,501,127,106,81,528,328,198,130,271,260
"species",84,84,185,276,90,548,82,20,45,199,71,158,71,145,42,7243,351,6,345,237,98
"species",85,85,248,275,216,1243,343,3,120,922,16,922,42,122,67,2390,327,145,182,275,235
"species",86,86,213,283,131,996,151,43,35,334,165,274,181,99,36,5913,335,67,268,260,176
"species",87,87,184,244,125,988,147,30,44,375,110,329,110,120,46,4657,324,66,258,241,125
"species",88,88,206,234,176,2313,316,77,48,940,245,905,245,98,56,2251,284,112,172,232,176
"species",89,89,223,272,165,1235,179,49,47,522,165,504,177,114,49,4228,327,97,230,271,176
"species",90,90,181,272,84,1214,120,70,15,344,237,263,313,127,38,7296,341,13,328,221,266
"species",91,91,175,270,74,660,88,27,39,228,89,195,89,134,38,7614,344,-5,349,219,74
"species",92,92,153,164,138,1360,317,3,96,715,15,432,15,111,72,1038,226,72,154,159,138
"species",93,93,203,234,164,1177,299,9,95,746,46,433,140,119,58,2782,300,98,202,227,208
"species",94,94,185,276,90,548,82,20,45,199,71,158,71,145,42,7243,351,6,345,237,98
"species",95,95,244,265,210,1239,215,39,51,545,147,520,175,106,61,2313,321,148,173,265,211
"species",96,96,198,213,184,1269,284,5,103,777,25,308,54,119,68,1139,288,115,173,197,203
"species",97,97,271,279,264,1731,346,9,82,956,43,279,956,99,77,603,340,213,127,264,273
"species",98,98,177,270,79,1367,141,76,19,399,250,281,393,127,38,7404,338,9,329,176,230
"species",99,99,235,277,190,1002,124,27,40,343,111,315,111,130,57,3426,349,123,226,274,190
"species",100,100,265,286,236,1925,322,45,58,844,156,414,262,108,63,2006,351,180,171,274,263
"species",101,101,255,265,247,4036,454,162,28,1258,587,725,1127,89,76,710,317,201,116,256,262
"species",102,102,236,287,176,818,217,6,104,545,28,487,109,179,58,4440,382,78,304,280,232
"species",103,103,261,279,238,833,222,1,109,574,13,430,29,132,72,1664,338,157,181,277,242
"species",104,104,118,242,-6,487,78,10,62,231,34,213,34,157,36,9590,335,-95,430,217,-6
"species",105,105,180,268,85,602,83,24,38,202,84,187,87,151,43,7124,347,-2,349,253,95
"species",106,106,177,260,84,689,91,30,36,234,102,205,102,143,42,6848,336,0,336,227,95
"species",107,107,232,252,205,869,199,4,100,542,20,360,49,150,66,1806,342,117,225,242,222
"species",108,108,223,274,164,1258,200,47,53,565,166,565,189,125,52,4344,333,93,240,274,175
"species",109,109,222,251,184,1212,320,9,101,805,43,443,125,116,58,2674,316,118,198,245,227
"species",110,110,194,270,110,1538,159,85,14,432,316,432,412,120,41,6247,328,41,287,270,200
"species",111,111,247,265,222,2377,441,39,69,1097,155,550,240,111,66,1656,331,165,166,256,246
"species",112,112,199,222,180,1475,305,5,103,904,26,370,55,138,66,1609,310,101,209,198,207
"species",113,113,160,171,146,1494,274,25,69,678,97,452,100,116,74,955,237,82,155,166,151
"species",114,114,178,277,75,829,117,42,30,285,140,197,140,133,37,7849,353,-3,356,221,75
"species",115,115,236,276,191,873,114,23,47,329,84,329,112,131,57,3404,348,120,228,276,203
"species",116,116,229,286,160,674,138,21,52,274,96,183,110,97,40,4967,338,97,241,267,201
"species",117,117,262,271,247,1582,274,37,60,717,117,363,154,114,71,945,340,180,160,267,249
"species",118,118,261,274,245,1555,370,3,104,898,14,483,14,119,70,1151,343,174,169,265,245
"species",119,119,259,271,250,1874,369,3,88,978,16,298,487,114,75,812,343,191,152,254,261
"species",120,120,180,268,85,602,83,24,38,202,84,187,87,151,43,7124,347,-2,349,253,95
"species",121,121,247,269,215,703,117,15,56,310,64,309,82,129,67,2219,338,146,192,269,231
"species",122,122,174,262,82,1178,128,65,18,361,221,311,334,140,42,6973,335,7,328,97,179
"species",123,123,176,258,82,702,88,29,37,243,98,218,98,143,42,6833,332,-4,336,225,82
"species",124,124,199,280,106,572,78,20,43,207,72,179,73,136,41,6790,350,23,327,241,116
"species",125,125,201,276,116,1444,156,85,20,458,265,449,336,95,35,6254,324,57,267,272,161
"species",126,126,206,228,176,1347,233,22,71,675,80,603,102,116,64,2123,283,104,179,228,176
"species",127,127,179,277,74,617,96,23,45,216,79,181,79,142,39,7855,355,-9,364,235,74
"species",128,128,199,283,107,1020,125,55,23,308,207,207,229,122,38,6820,355,39,316,236,283
"species",129,129,200,279,112,1036,132,60,25,317,206,251,218,127,40,6482,351,38,313,236,127
"species",130,130,194,271,107,1460,145,93,15,422,290,402,369,115,39,6415,331,40,291,258,155
"species",131,131,176,269,74,541,87,18,47,205,67,160,67,154,42,7516,347,-17,364,229,74
"species",132,132,188,270,100,1521,164,92,16,438,300,339,438,125,41,6620,333,30,303,100,237
"species",133,133,179,266,84,1327,142,83,15,371,276,295,371,138,41,7051,338,6,332,84,231
"species",134,134,288,297,279,1211,316,2,115,768,8,306,18,141,79,684,377,200,177,288,287
"species",135,135,252,284,208,735,106,13,54,293,52,293,75,128,60,3025,352,140,212,278,211
"species",136,136,189,216,153,736,154,11,80,376,40,213,40,157,65,2576,306,66,240,206,153
"species",137,137,280,283,273,1127,156,33,41,408,120,302,254,94,85,393,331,221,110,278,278
"species",138,138,218,254,181,1753,260,57,46,741,220,741,220,91,51,2867,304,127,177,254,181
"species",139,139,184,272,89,1182,127,67,15,332,248,252,306,131,39,7063,344,16,328,223,267
"species",140,140,233,302,152,573,124,15,68,258,52,196,53,132,43,5910,377,76,301,274,169
"species",141,141,269,279,256,1023,294,1,111,637,7,364,36,131,76,937,349,177,172,276,260
"species",142,142,187,280,90,543,83,20,45,198,70,154,70,143,41,7413,354,6,348,240,90
"species",143,143,268,281,255,2223,319,5,63,932,71,115,909,96,72,979,346,214,132,258,277
"species",144,144,252,271,224,1275,201,41,55,528,133,505,145,116,69,1908,331,163,168,270,230
"species",145,145,203,227,176,1137,236,14,88,634,47,285,90,136,65,1948,306,98,208,210,188
"species",146,146,197,273,111,1482,153,95,13,418,324,410,384,112,39,6312,331,47,284,260,158
"species",147,147,175,259,82,683,88,28,37,235,96,212,96,145,42,6877,333,-5,338,225,82
"species",148,148,232,286,166,741,161,22,55,303,98,191,125,97,41,4753,338,105,233,270,205
"species",149,149,133,151,108,1014,206,9,92,587,42,288,42,147,68,1702,232,18,214,143,108
"species",150,150,201,285,111,994,125,52,25,306,198,198,222,121,38,6802,356,45,311,237,285
"species",151,151,181,272,81,529,84,18,46,198,68,155,68,153,42,7393,350,-8,358,233,92
"species",152,152,198,208,181,1228,200,20,62,585,82,498,92,120,74,1119,274,112,162,206,181
"species",153,153,195,216,175,1237,250,7,99,730,32,360,47,136,65,1580,303,95,208,200,176
"species",154,154,134,257,6,660,100,13,49,270,57,253,57,138,33,9701,345,-73,418,233,6
"species",155,155,264,284,240,773,205,2,105,496,9,398,25,129,72,1775,340,162,178,282,243
"species",156,156,178,276,70,1003,140,50,29,334,190,205,190,125,35,7957,350,-5,355,220,70
"species",157,157,272,280,263,1439,329,34,82,808,117,149,773,93,81,636,333,219,114,264,275
"species",158,158,243,264,221,1199,188,36,52,534,139,359,143,92,63,1677,315,169,146,257,222
"species",159,159,212,269,147,1337,187,61,43,537,193,536,217,116,46,4808,326,78,248,268,158
"species",160,160,224,272,168,1211,202,42,58,563,140,517,155,130,53,4098,335,93,242,271,179
"species",161,161,142,164,114,835,171,11,88,480,42,234,43,153,66,1970,248,19,229,158,123
"species",162,162,241,253,227,2634,524,10,93,1445,33,772,84,141,75,993,330,144,186,243,228
"species",163,163,236,245,224,1417,256,12,70,652,58,360,129,98,72,827,304,169,135,238,236
"species",164,164,256,272,232,2023,266,52,48,746,172,615,348,78,63,1680,311,188,123,258,249
"species",165,165,273,285,262,1622,380,2,99,911,12,205,29,124,75,903,355,190,165,272,262
"species",166,166,178,265,83,591,82,23,40,200,79,180,81,153,43,7051,345,-6,351,228,93
"species",167,167,214,269,151,1267,177,58,41,495,189,495,204,105,44,4663,322,87,235,269,162
"species",168,168,268,278,259,1558,331,3,91,827,19,185,128,101,73,744,341,204,137,265,267
"species",169,169,236,259,203,876,136,17,57,379,71,368,93,120,64,2308,321,136,185,259,218
"species",170,170,189,272,98,1416,160,94,15,413,292,321,413,128,40,6748,339,25,314,98,239
"species",171,171,197,270,116,1548,189,92,23,520,321,520,365,109,40,6043,323,52,271,270,160
"species",172,172,134,254,7,678,101,14,48,271,60,254,60,142,34,9535,342,-74,416,230,7
"species",173,173,174,282,61,713,105,27,40,253,99,186,99,144,36,8558,366,-24,390,221,61
"species",174,174,189,191,185,2683,400,72,45,1083,282,342,1083,109,84,259,257,128,129,185,190
"species",175,175,235,301,154,595,116,17,61,247,63,216,68,127,43,5769,372,81,291,297,173
"species",176,176,200,281,109,1043,126,59,24,310,213,238,229,126,39,6669,354,38,316,208,124
"species",177,177,250,300,193,464,144,1,121,345,5,245,37,168,60,4347,372,94,278,300,235
"species",178,178,252,262,243,3437,439,81,44,1232,309,442,1063,93,76,718,317,196,121,252,259
"species",179,179,146,247,38,1189,142,64,19,367,233,275,233,130,35,8127,325,-37,362,143,38
"species",180,180,189,269,101,1538,162,92,14,439,311,355,439,123,41,6566,332,32,300,101,237
"species",181,181,282,304,258,742,168,3,107,479,11,150,28,146,66,1699,392,171,221,285,281
"species",182,182,265,276,255,1901,343,3,72,870,24,63,870,94,76,812,334,211,123,255,271
"species",183,183,174,281,62,749,112,29,39,270,106,196,106,141,36,8483,363,-21,384,220,62
"species",184,184,221,237,205,1158,256,4,106,737,21,274,24,139,71,1201,317,123,194,222,224
"species",185,185,189,269,98,1355,143,85,16,385,290,327,357,132,41,6604,340,24,316,253,239
"species",186,186,135,255,7,850,125,21,46,336,81,310,81,127,31,9614,334,-69,403,231,7
"species",187,187,219,230,204,4099,702,102,61,1854,340,915,516,123,74,1012,302,137,165,226,219
"species",188,188,207,288,120,691,92,36,33,222,119,161,127,121,39,6559,354,50,304,244,129
"species",189,189,200,279,112,1036,132,60,25,317,206,251,218,127,40,6482,351,38,313,236,127
"species",190,190,132,250,1,965,139,27,43,355,94,337,94,130,31,9553,330,-77,407,227,1
"species",191,191,221,234,203,1503,302,6,99,872,19,459,19,130,71,1227,307,124,183,227,203
"species",192,192,182,268,89,1458,158,87,18,427,278,299,427,130,40,6940,336,17,319,89,232
"species",193,193,183,195,167,1315,251,8,84,635,37,428,38,135,73,1084,272,88,184,189,173
"species",194,194,261,274,245,1555,370,3,104,898,14,483,14,119,70,1151,343,174,169,265,245
"species",195,195,189,274,97,825,114,43,33,276,147,195,147,131,39,6906,348,19,329,228,97
"species",196,196,190,271,99,1551,172,110,13,444,340,366,438,124,40,6660,335,29,306,112,239
"species",197,197,128,251,-6,830,128,19,49,333,70,303,70,131,31,9876,334,-84,418,227,-6
"species",198,198,236,256,208,3084,538,62,64,1404,206,872,452,88,59,1932,312,163,149,249,245
"species",199,199,256,267,248,3682,657,67,59,1567,239,724,1149,107,76,707,330,191,139,252,258
"species",200,200,174,270,70,479,82,16,53,180,52,156,52,144,39,7771,344,-17,361,261,70
"species",201,201,240,287,184,831,250,4,121,622,18,523,75,171,59,4097,373,87,286,282,235
"species",202,202,119,247,-11,614,88,12,54,263,46,249,46,145,33,9963,336,-94,430,221,-11
"species",203,203,180,271,84,1324,138,73,18,387,245,273,380,126,39,7276,338,16,322,180,232
"species",204,204,257,273,235,3058,517,61,67,1402,205,677,321,112,70,1458,337,177,160,264,257
"species",205,205,227,283,157,691,158,19,58,286,97,164,125,83,36,4960,326,99,227,267,197
"species",206,206,224,260,183,1598,186,77,26,538,262,481,298,114,55,3087,320,114,206,245,184
"species",207,207,247,267,221,2072,340,47,57,891,168,420,291,112,64,1851,334,161,173,254,245
"species",208,208,250,285,209,751,178,1,106,517,8,393,69,105,57,3052,330,147,183,283,240
"species",209,209,191,271,103,1547,163,108,11,430,344,371,430,122,40,6519,334,35,299,115,239
"species",210,210,270,282,257,1377,346,1,107,819,7,154,7,119,72,1002,351,187,164,272,257
"species",211,211,190,278,93,1022,123,51,23,311,194,194,229,130,38,7160,356,19,337,228,278
"species",212,212,169,199,132,703,183,4,104,450,18,320,44,169,63,2624,299,34,265,194,161
"species",213,213,261,280,239,801,219,1,111,556,12,411,29,127,72,1639,334,160,174,278,251
"species",214,214,252,297,200,596,194,1,120,440,11,345,53,152,60,3961,362,110,252,297,238
"species",215,215,199,285,107,817,111,38,32,273,156,180,162,122,38,6928,354,36,318,238,122
"species",216,216,215,296,122,468,91,18,57,177,58,108,64,131,40,6796,365,44,321,264,130
"species",217,217,252,255,248,3036,419,63,52,1190,223,397,1169,108,84,348,316,188,128,249,250
"species",218,218,185,276,84,392,71,11,54,165,42,119,42,152,42,7449,350,-7,357,236,105
"species",219,219,180,270,83,621,88,26,40,209,87,178,88,153,42,7241,351,-6,357,224,94
"species",220,220,180,268,85,602,83,24,38,202,84,187,87,151,43,7124,347,-2,349,253,95
"species",221,221,177,206,140,724,160,7,97,442,28,177,41,155,62,2568,299,50,249,198,172
"species",222,222,209,231,190,1147,245,5,103,690,24,106,35,136,66,1571,318,112,206,212,192
"species",223,223,122,127,118,1753,264,28,52,712,131,472,687,97,77,331,184,59,125,120,121
"species",224,224,222,302,131,483,93,14,58,199,53,138,56,137,42,6671,377,53,324,269,139
"species",225,225,232,251,210,1052,224,5,101,620,17,325,30,136,69,1592,329,134,195,242,220
"species",226,226,179,279,74,982,143,50,32,339,171,212,171,123,35,7920,349,0,349,221,74
"species",227,227,178,279,70,841,122,37,36,287,126,195,126,136,36,8051,359,-11,370,221,70
"species",228,228,183,265,90,1368,147,88,14,384,288,321,378,135,41,6758,337,15,322,104,233
"species",229,229,200,279,112,1036,132,60,25,317,206,251,218,127,40,6482,351,38,313,236,127
"species",230,230,103,230,-37,891,112,20,47,335,76,334,76,126,30,10279,309,-110,419,209,-37
"species",231,231,196,278,104,1156,134,77,19,336,244,268,265,124,39,6744,349,33,316,234,120
"species",232,232,208,217,190,1696,294,7,78,845,34,475,50,114,71,1091,278,119,159,213,194
"species",233,233,181,270,83,692,96,30,34,232,106,187,106,143,40,7239,348,-2,350,222,83
"species",234,234,127,247,-3,900,143,23,48,353,79,337,79,129,31,9662,327,-82,409,225,-3
"species",235,235,226,287,150,665,133,19,54,264,93,190,105,108,41,5338,346,83,263,266,196
"species",236,236,182,268,86,543,82,18,44,207,66,166,67,155,43,7084,348,-7,355,231,96
"species",237,237,120,250,-13,643,95,14,52,265,50,247,50,145,33,10133,338,-97,435,224,-13
"species",238,238,188,278,88,397,73,11,53,169,42,122,42,150,42,7391,348,-4,352,240,88
"species",239,239,273,286,257,1055,276,1,109,661,15,570,28,122,74,1175,345,181,164,284,259
"species",240,240,163,179,145,1165,237,6,97,681,26,355,26,161,74,1274,269,54,215,170,145
"species",241,241,180,268,83,1244,133,75,14,344,264,270,328,136,40,7146,342,8,334,219,263
"species",242,242,224,244,198,801,179,4,98,492,18,330,49,148,67,1775,331,111,220,236,215
"species",243,243,254,275,225,1132,196,27,66,510,96,447,114,125,67,2055,344,158,186,272,248
"species",244,244,178,269,79,522,85,17,47,196,66,155,66,156,43,7381,349,-13,362,230,79
"species",245,245,182,270,87,561,82,21,43,203,73,165,74,148,42,7105,348,1,347,232,96
"species",246,246,186,207,157,1182,296,6,104,752,29,515,70,149,65,2049,295,69,226,203,173
"species",247,247,199,285,107,817,111,38,32,273,156,180,162,122,38,6928,354,36,318,238,122
"species",248,248,189,272,98,1450,162,98,14,417,304,331,417,122,39,6776,335,29,306,98,239
"species",249,249,244,257,223,1710,258,44,52,740,166,672,182,104,67,1434,314,161,153,256,223
"species",250,250,243,275,203,1052,249,3,103,707,19,572,85,110,59,2876,324,139,185,273,236
"species",251,251,243,253,232,1020,232,3,91,557,16,281,80,105,73,808,317,174,143,244,237
"species",252,252,201,279,112,1044,129,60,24,312,205,256,221,127,40,6468,351,38,313,237,161
"species",253,253,200,281,109,1043,126,59,24,310,213,238,229,126,39,6669,354,38,316,208,124
"species",254,254,178,272,76,551,86,19,47,205,70,159,70,150,41,7597,349,-14,363,232,76
"species",255,255,261,279,238,833,222,1,109,574,13,430,29,132,72,1664,338,157,181,277,242
"species",256,256,101,223,-15,430,80,9,67,213,27,184,27,164,38,9216,324,-104,428,196,-15
"species",257,257,182,275,83,533,83,19,46,197,69,153,69,148,41,7478,351,-4,355,235,93
"species",258,258,206,268,135,1074,165,43,45,448,166,444,227,132,48,5249,328,58,270,267,176
"species",259,259,266,278,252,1713,368,4,99,972,18,196,44,122,72,1007,347,178,169,267,253
"species",260,260,195,272,108,1495,152,100,13,421,329,420,381,113,39,6379,329,43,286,259,156
"species",261,261,169,268,64,515,74,16,53,198,52,188,52,152,40,7910,348,-23,371,250,64
"species",262,262,187,269,94,663,82,25,40,232,86,212,86,143,42,6833,343,6,337,238,94
"species",263,263,180,268,85,602,83,24,38,202,84,187,87,151,43,7124,347,-2,349,253,95
"species",264,264,222,257,181,1630,188,77,26,549,267,492,305,115,55,3052,318,111,207,242,182
"species",265,265,156,181,127,733,156,12,77,363,42,225,54,146,65,2112,266,43,223,168,128
"species",266,266,256,264,245,3215,531,45,57,1455,195,325,515,82,73,771,313,202,111,258,257
"species",267,267,238,284,181,956,217,13,72,451,76,374,112,116,50,4076,342,111,231,280,218
"species",268,268,222,257,181,1630,188,77,26,549,267,492,305,115,55,3052,318,111,207,242,182
"species",269,269,176,269,74,1207,121,69,17,354,237,256,291,129,37,7550,341,-1,342,176,264
"species",270,270,201,285,111,994,125,52,25,306,198,198,222,121,38,6802,356,45,311,237,285
"species",271,271,214,229,193,1179,217,17,84,632,56,302,96,113,68,1486,294,130,164,225,212
"species",272,272,197,256,123,268,54,5,67,131,23,108,28,133,47,5283,324,43,281,250,139
"species",273,273,249,258,240,3007,394,56,43,1132,273,354,1028,100,80,630,313,189,124,242,254
"species",274,274,194,270,109,1516,156,86,13,426,314,426,406,119,41,6304,328,40,288,270,201
"species",275,275,140,255,17,982,135,31,39,346,109,300,109,135,33,9198,336,-63,399,191,17
"species",276,276,226,265,183,1353,165,46,35,477,176,441,176,105,54,3263,320,129,191,259,183
"species",277,277,252,258,246,2656,325,62,38,943,306,352,799,102,84,450,315,194,121,250,255
"species",278,278,153,264,36,779,126,25,46,297,88,230,88,134,34,8830,345,-42,387,200,36
"species",279,279,256,270,231,1704,279,43,57,766,152,549,152,116,67,1675,333,160,173,270,231
"species",280,280,173,267,71,557,90,19,48,209,69,165,69,155,42,7574,345,-21,366,227,71
"species",281,281,196,273,110,1462,150,89,17,425,277,412,362,110,38,6350,329,45,284,259,156
"species",282,282,202,283,113,762,98,39,31,248,142,177,146,122,39,6615,351,42,309,239,128
"species",283,283,143,147,138,1811,266,72,44,632,284,477,319,108,83,357,209,80,129,147,143
"species",284,284,185,276,85,616,88,26,41,210,87,173,87,154,42,7396,358,-5,363,229,96
"species",285,285,174,270,73,1191,128,76,16,356,257,271,270,125,37,7594,338,3,335,174,230
"species",286,286,217,250,182,1688,256,60,47,695,199,692,199,96,53,2695,301,123,178,249,182
"species",287,287,216,250,181,1711,249,67,43,692,217,692,217,91,52,2687,298,125,173,250,181
"species",288,288,222,257,181,1630,188,77,26,549,267,492,305,115,55,3052,318,111,207,242,182
"species",289,289,190,278,93,1022,123,51,23,311,194,194,229,130,38,7160,356,19,337,228,278
"species",290,290,259,270,250,1781,375,9,81,866,40,161,226,103,73,777,335,194,141,256,266
"species",291,291,196,268,116,1495,193,73,27,514,263,514,350,131,45,5968,330,41,289,268,158
"species",292,292,270,275,261,1078,168,19,56,489,81,135,165,99,78,598,333,207,126,268,270
"species",293,293,196,272,113,1492,163,92,15,440,314,440,386,113,40,6233,328,48,280,272,202
"species",294,294,229,254,209,1284,286,2,109,821,16,318,35,145,65,1765,345,124,221,225,239
"species",295,295,268,276,259,1474,318,34,86,865,106,144,795,90,80,630,329,217,112,260,266
"species",296,296,193,266,112,1400,169,64,24,452,251,452,353,134,45,6041,331,37,294,266,200
"species",297,297,283,287,275,2273,363,24,59,907,96,725,145,106,80,495,345,214,131,284,277
"species",298,298,154,263,37,1039,129,44,30,349,153,273,153,129,33,8727,340,-41,381,202,37
"species",299,299,204,282,114,657,93,34,39,235,110,178,113,129,40,6551,353,38,315,243,124
"species",300,300,187,272,95,1188,129,70,15,337,253,260,309,131,40,6870,344,24,320,225,268
