"species","x","y","bio1","bio11"
"species",1,1,174,63
"species",2,2,194,109
"species",3,3,180,86
"species",4,4,211,181
"species",5,5,121,-8
"species",6,6,240,236
"species",7,7,198,112
"species",8,8,267,258
"species",9,9,181,85
"species",10,10,170,139
"species",11,11,187,90
"species",12,12,154,51
"species",13,13,180,83
"species",14,14,180,85
"species",15,15,200,109
"species",16,16,223,134
"species",17,17,199,107
"species",18,18,246,206
"species",19,19,197,166
"species",20,20,248,195
"species",21,21,252,219
"species",22,22,180,79
"species",23,23,191,103
"species",24,24,166,52
"species",25,25,252,246
"species",26,26,180,85
"species",27,27,178,75
"species",28,28,193,110
"species",29,29,185,90
"species",30,30,260,245
"species",31,31,118,97
"species",32,32,243,238
"species",33,33,177,79
"species",34,34,169,136
"species",35,35,274,264
"species",36,36,200,115
"species",37,37,255,246
"species",38,38,207,125
"species",39,39,163,51
"species",40,40,247,222
"species",41,41,261,238
"species",42,42,253,243
"species",43,43,225,189
"species",44,44,147,101
"species",45,45,131,26
"species",46,46,174,67
"species",47,47,190,102
"species",48,48,220,214
"species",49,49,272,264
"species",50,50,259,225
"species",51,51,181,90
"species",52,52,257,236
"species",53,53,259,233
"species",54,54,197,101
"species",55,55,228,186
"species",56,56,160,47
"species",57,57,177,79
"species",58,58,193,106
"species",59,59,117,-9
"species",60,60,236,176
"species",61,61,236,193
"species",62,62,163,49
"species",63,63,266,252
"species",64,64,191,106
"species",65,65,127,-1
"species",66,66,275,253
"species",67,67,196,113
"species",68,68,258,233
"species",69,69,172,164
"species",70,70,247,222
"species",71,71,169,133
"species",72,72,188,88
"species",73,73,267,254
"species",74,74,259,229
"species",75,75,270,264
"species",76,76,196,112
"species",77,77,195,175
"species",78,78,181,86
"species",79,79,259,229
"species",80,80,189,175
"species",81,81,180,85
"species",82,82,122,-7
"species",83,83,267,259
"species",84,84,185,90
"species",85,85,248,216
"species",86,86,213,131
"species",87,87,184,125
"species",88,88,206,176
"species",89,89,223,165
"species",90,90,181,84
"species",91,91,175,74
"species",92,92,153,138
"species",93,93,203,164
"species",94,94,185,90
"species",95,95,244,210
"species",96,96,198,184
"species",97,97,271,264
"species",98,98,177,79
"species",99,99,235,190
"species",100,100,265,236
"species",101,101,255,247
"species",102,102,236,176
"species",103,103,261,238
"species",104,104,118,-6
"species",105,105,180,85
"species",106,106,177,84
"species",107,107,232,205
"species",108,108,223,164
"species",109,109,222,184
"species",110,110,194,110
"species",111,111,247,222
"species",112,112,199,180
"species",113,113,160,146
"species",114,114,178,75
"species",115,115,236,191
"species",116,116,229,160
"species",117,117,262,247
"species",118,118,261,245
"species",119,119,259,250
"species",120,120,180,85
"species",121,121,247,215
"species",122,122,174,82
"species",123,123,176,82
"species",124,124,199,106
"species",125,125,201,116
"species",126,126,206,176
"species",127,127,179,74
"species",128,128,199,107
"species",129,129,200,112
"species",130,130,194,107
"species",131,131,176,74
"species",132,132,188,100
"species",133,133,179,84
"species",134,134,288,279
"species",135,135,252,208
"species",136,136,189,153
"species",137,137,280,273
"species",138,138,218,181
"species",139,139,184,89
"species",140,140,233,152
"species",141,141,269,256
"species",142,142,187,90
"species",143,143,268,255
"species",144,144,252,224
"species",145,145,203,176
"species",146,146,197,111
"species",147,147,175,82
"species",148,148,232,166
"species",149,149,133,108
"species",150,150,201,111
"species",151,151,181,81
"species",152,152,198,181
"species",153,153,195,175
"species",154,154,134,6
"species",155,155,264,240
"species",156,156,178,70
"species",157,157,272,263
"species",158,158,243,221
"species",159,159,212,147
"species",160,160,224,168
"species",161,161,142,114
"species",162,162,241,227
"species",163,163,236,224
"species",164,164,256,232
"species",165,165,273,262
"species",166,166,178,83
"species",167,167,214,151
"species",168,168,268,259
"species",169,169,236,203
"species",170,170,189,98
"species",171,171,197,116
"species",172,172,134,7
"species",173,173,174,61
"species",174,174,189,185
"species",175,175,235,154
"species",176,176,200,109
"species",177,177,250,193
"species",178,178,252,243
"species",179,179,146,38
"species",180,180,189,101
"species",181,181,282,258
"species",182,182,265,255
"species",183,183,174,62
"species",184,184,221,205
"species",185,185,189,98
"species",186,186,135,7
"species",187,187,219,204
"species",188,188,207,120
"species",189,189,200,112
"species",190,190,132,1
"species",191,191,221,203
"species",192,192,182,89
"species",193,193,183,167
"species",194,194,261,245
"species",195,195,189,97
"species",196,196,190,99
"species",197,197,128,-6
"species",198,198,236,208
"species",199,199,256,248
"species",200,200,174,70
"species",201,201,240,184
"species",202,202,119,-11
"species",203,203,180,84
"species",204,204,257,235
"species",205,205,227,157
"species",206,206,224,183
"species",207,207,247,221
"species",208,208,250,209
"species",209,209,191,103
"species",210,210,270,257
"species",211,211,190,93
"species",212,212,169,132
"species",213,213,261,239
"species",214,214,252,200
"species",215,215,199,107
"species",216,216,215,122
"species",217,217,252,248
"species",218,218,185,84
"species",219,219,180,83
"species",220,220,180,85
"species",221,221,177,140
"species",222,222,209,190
"species",223,223,122,118
"species",224,224,222,131
"species",225,225,232,210
"species",226,226,179,74
"species",227,227,178,70
"species",228,228,183,90
"species",229,229,200,112
"species",230,230,103,-37
"species",231,231,196,104
"species",232,232,208,190
"species",233,233,181,83
"species",234,234,127,-3
"species",235,235,226,150
"species",236,236,182,86
"species",237,237,120,-13
"species",238,238,188,88
"species",239,239,273,257
"species",240,240,163,145
"species",241,241,180,83
"species",242,242,224,198
"species",243,243,254,225
"species",244,244,178,79
"species",245,245,182,87
"species",246,246,186,157
"species",247,247,199,107
"species",248,248,189,98
"species",249,249,244,223
"species",250,250,243,203
"species",251,251,243,232
"species",252,252,201,112
"species",253,253,200,109
"species",254,254,178,76
"species",255,255,261,238
"species",256,256,101,-15
"species",257,257,182,83
"species",258,258,206,135
"species",259,259,266,252
"species",260,260,195,108
"species",261,261,169,64
"species",262,262,187,94
"species",263,263,180,85
"species",264,264,222,181
"species",265,265,156,127
"species",266,266,256,245
"species",267,267,238,181
"species",268,268,222,181
"species",269,269,176,74
"species",270,270,201,111
"species",271,271,214,193
"species",272,272,197,123
"species",273,273,249,240
"species",274,274,194,109
"species",275,275,140,17
"species",276,276,226,183
"species",277,277,252,246
"species",278,278,153,36
"species",279,279,256,231
"species",280,280,173,71
"species",281,281,196,110
"species",282,282,202,113
"species",283,283,143,138
"species",284,284,185,85
"species",285,285,174,73
"species",286,286,217,182
"species",287,287,216,181
"species",288,288,222,181
"species",289,289,190,93
"species",290,290,259,250
"species",291,291,196,116
"species",292,292,270,261
"species",293,293,196,113
"species",294,294,229,209
"species",295,295,268,259
"species",296,296,193,112
"species",297,297,283,275
"species",298,298,154,37
"species",299,299,204,114
"species",300,300,187,95
