"species","x","y","bio1","bio4","bio11"
"species",1,1,174,8260,63
"species",2,2,194,6304,109
"species",3,3,180,7168,86
"species",4,4,211,2350,181
"species",5,5,121,9906,-8
"species",6,6,240,304,236
"species",7,7,198,6343,112
"species",8,8,267,803,258
"species",9,9,181,7212,85
"species",10,10,170,2215,139
"species",11,11,187,7413,90
"species",12,12,154,7813,51
"species",13,13,180,7146,83
"species",14,14,180,7124,85
"species",15,15,200,6653,109
"species",16,16,223,6514,134
"species",17,17,199,6823,107
"species",18,18,246,2954,206
"species",19,19,197,2205,166
"species",20,20,248,3704,195
"species",21,21,252,2486,219
"species",22,22,180,7550,79
"species",23,23,191,6519,103
"species",24,24,166,8546,52
"species",25,25,252,450,246
"species",26,26,180,7124,85
"species",27,27,178,7849,75
"species",28,28,193,6217,110
"species",29,29,185,7052,90
"species",30,30,260,918,245
"species",31,31,118,1518,97
"species",32,32,243,317,238
"species",33,33,177,7289,79
"species",34,34,169,2343,136
"species",35,35,274,889,264
"species",36,36,200,6334,115
"species",37,37,255,652,246
"species",38,38,207,6018,125
"species",39,39,163,8418,51
"species",40,40,247,1656,222
"species",41,41,261,1664,238
"species",42,42,253,628,243
"species",43,43,225,2546,189
"species",44,44,147,3946,101
"species",45,45,131,8288,26
"species",46,46,174,8098,67
"species",47,47,190,6524,102
"species",48,48,220,392,214
"species",49,49,272,514,264
"species",50,50,259,2269,225
"species",51,51,181,6684,90
"species",52,52,257,1422,236
"species",53,53,259,1725,233
"species",54,54,197,6968,101
"species",55,55,228,3207,186
"species",56,56,160,8528,47
"species",57,57,177,7289,79
"species",58,58,193,6403,106
"species",59,59,117,9788,-9
"species",60,60,236,4440,176
"species",61,61,236,3279,193
"species",62,62,163,8646,49
"species",63,63,266,1007,252
"species",64,64,191,6314,106
"species",65,65,127,9637,-1
"species",66,66,275,1516,253
"species",67,67,196,6169,113
"species",68,68,258,1684,233
"species",69,69,172,548,164
"species",70,70,247,1656,222
"species",71,71,169,2594,133
"species",72,72,188,7391,88
"species",73,73,267,983,254
"species",74,74,259,2098,229
"species",75,75,270,507,264
"species",76,76,196,6245,112
"species",77,77,195,1580,175
"species",78,78,181,7085,86
"species",79,79,259,2098,229
"species",80,80,189,967,175
"species",81,81,180,7077,85
"species",82,82,122,9854,-7
"species",83,83,267,528,259
"species",84,84,185,7243,90
"species",85,85,248,2390,216
"species",86,86,213,5913,131
"species",87,87,184,4657,125
"species",88,88,206,2251,176
"species",89,89,223,4228,165
"species",90,90,181,7296,84
"species",91,91,175,7614,74
"species",92,92,153,1038,138
"species",93,93,203,2782,164
"species",94,94,185,7243,90
"species",95,95,244,2313,210
"species",96,96,198,1139,184
"species",97,97,271,603,264
"species",98,98,177,7404,79
"species",99,99,235,3426,190
"species",100,100,265,2006,236
"species",101,101,255,710,247
"species",102,102,236,4440,176
"species",103,103,261,1664,238
"species",104,104,118,9590,-6
"species",105,105,180,7124,85
"species",106,106,177,6848,84
"species",107,107,232,1806,205
"species",108,108,223,4344,164
"species",109,109,222,2674,184
"species",110,110,194,6247,110
"species",111,111,247,1656,222
"species",112,112,199,1609,180
"species",113,113,160,955,146
"species",114,114,178,7849,75
"species",115,115,236,3404,191
"species",116,116,229,4967,160
"species",117,117,262,945,247
"species",118,118,261,1151,245
"species",119,119,259,812,250
"species",120,120,180,7124,85
"species",121,121,247,2219,215
"species",122,122,174,6973,82
"species",123,123,176,6833,82
"species",124,124,199,6790,106
"species",125,125,201,6254,116
"species",126,126,206,2123,176
"species",127,127,179,7855,74
"species",128,128,199,6820,107
"species",129,129,200,6482,112
"species",130,130,194,6415,107
"species",131,131,176,7516,74
"species",132,132,188,6620,100
"species",133,133,179,7051,84
"species",134,134,288,684,279
"species",135,135,252,3025,208
"species",136,136,189,2576,153
"species",137,137,280,393,273
"species",138,138,218,2867,181
"species",139,139,184,7063,89
"species",140,140,233,5910,152
"species",141,141,269,937,256
"species",142,142,187,7413,90
"species",143,143,268,979,255
"species",144,144,252,1908,224
"species",145,145,203,1948,176
"species",146,146,197,6312,111
"species",147,147,175,6877,82
"species",148,148,232,4753,166
"species",149,149,133,1702,108
"species",150,150,201,6802,111
"species",151,151,181,7393,81
"species",152,152,198,1119,181
"species",153,153,195,1580,175
"species",154,154,134,9701,6
"species",155,155,264,1775,240
"species",156,156,178,7957,70
"species",157,157,272,636,263
"species",158,158,243,1677,221
"species",159,159,212,4808,147
"species",160,160,224,4098,168
"species",161,161,142,1970,114
"species",162,162,241,993,227
"species",163,163,236,827,224
"species",164,164,256,1680,232
"species",165,165,273,903,262
"species",166,166,178,7051,83
"species",167,167,214,4663,151
"species",168,168,268,744,259
"species",169,169,236,2308,203
"species",170,170,189,6748,98
"species",171,171,197,6043,116
"species",172,172,134,9535,7
"species",173,173,174,8558,61
"species",174,174,189,259,185
"species",175,175,235,5769,154
"species",176,176,200,6669,109
"species",177,177,250,4347,193
"species",178,178,252,718,243
"species",179,179,146,8127,38
"species",180,180,189,6566,101
"species",181,181,282,1699,258
"species",182,182,265,812,255
"species",183,183,174,8483,62
"species",184,184,221,1201,205
"species",185,185,189,6604,98
"species",186,186,135,9614,7
"species",187,187,219,1012,204
"species",188,188,207,6559,120
"species",189,189,200,6482,112
"species",190,190,132,9553,1
"species",191,191,221,1227,203
"species",192,192,182,6940,89
"species",193,193,183,1084,167
"species",194,194,261,1151,245
"species",195,195,189,6906,97
"species",196,196,190,6660,99
"species",197,197,128,9876,-6
"species",198,198,236,1932,208
"species",199,199,256,707,248
"species",200,200,174,7771,70
"species",201,201,240,4097,184
"species",202,202,119,9963,-11
"species",203,203,180,7276,84
"species",204,204,257,1458,235
"species",205,205,227,4960,157
"species",206,206,224,3087,183
"species",207,207,247,1851,221
"species",208,208,250,3052,209
"species",209,209,191,6519,103
"species",210,210,270,1002,257
"species",211,211,190,7160,93
"species",212,212,169,2624,132
"species",213,213,261,1639,239
"species",214,214,252,3961,200
"species",215,215,199,6928,107
"species",216,216,215,6796,122
"species",217,217,252,348,248
"species",218,218,185,7449,84
"species",219,219,180,7241,83
"species",220,220,180,7124,85
"species",221,221,177,2568,140
"species",222,222,209,1571,190
"species",223,223,122,331,118
"species",224,224,222,6671,131
"species",225,225,232,1592,210
"species",226,226,179,7920,74
"species",227,227,178,8051,70
"species",228,228,183,6758,90
"species",229,229,200,6482,112
"species",230,230,103,10279,-37
"species",231,231,196,6744,104
"species",232,232,208,1091,190
"species",233,233,181,7239,83
"species",234,234,127,9662,-3
"species",235,235,226,5338,150
"species",236,236,182,7084,86
"species",237,237,120,10133,-13
"species",238,238,188,7391,88
"species",239,239,273,1175,257
"species",240,240,163,1274,145
"species",241,241,180,7146,83
"species",242,242,224,1775,198
"species",243,243,254,2055,225
"species",244,244,178,7381,79
"species",245,245,182,7105,87
"species",246,246,186,2049,157
"species",247,247,199,6928,107
"species",248,248,189,6776,98
"species",249,249,244,1434,223
"species",250,250,243,2876,203
"species",251,251,243,808,232
"species",252,252,201,6468,112
"species",253,253,200,6669,109
"species",254,254,178,7597,76
"species",255,255,261,1664,238
"species",256,256,101,9216,-15
"species",257,257,182,7478,83
"species",258,258,206,5249,135
"species",259,259,266,1007,252
"species",260,260,195,6379,108
"species",261,261,169,7910,64
"species",262,262,187,6833,94
"species",263,263,180,7124,85
"species",264,264,222,3052,181
"species",265,265,156,2112,127
"species",266,266,256,771,245
"species",267,267,238,4076,181
"species",268,268,222,3052,181
"species",269,269,176,7550,74
"species",270,270,201,6802,111
"species",271,271,214,1486,193
"species",272,272,197,5283,123
"species",273,273,249,630,240
"species",274,274,194,6304,109
"species",275,275,140,9198,17
"species",276,276,226,3263,183
"species",277,277,252,450,246
"species",278,278,153,8830,36
"species",279,279,256,1675,231
"species",280,280,173,7574,71
"species",281,281,196,6350,110
"species",282,282,202,6615,113
"species",283,283,143,357,138
"species",284,284,185,7396,85
"species",285,285,174,7594,73
"species",286,286,217,2695,182
"species",287,287,216,2687,181
"species",288,288,222,3052,181
"species",289,289,190,7160,93
"species",290,290,259,777,250
"species",291,291,196,5968,116
"species",292,292,270,598,261
"species",293,293,196,6233,113
"species",294,294,229,1765,209
"species",295,295,268,630,259
"species",296,296,193,6041,112
"species",297,297,283,495,275
"species",298,298,154,8727,37
"species",299,299,204,6551,114
"species",300,300,187,6870,95
